Date,High,Low,Open,Close,Volume,Adj Close
2019-09-19,25.110000610351562,25.084999084472656,25.110000610351562,25.084999084472656,500.0,23.85087776184082
2019-09-20,25.155000686645508,25.110000610351562,25.110000610351562,25.155000686645508,9084700.0,23.91743278503418
2019-09-23,25.18899917602539,25.15999984741211,25.18899917602539,25.15999984741211,8951500.0,23.922182083129883
2019-09-24,25.256999969482422,25.25,25.25,25.256999969482422,312400.0,24.01441192626953
2019-09-25,25.18000030517578,25.145000457763672,25.18000030517578,25.145000457763672,3189100.0,23.907920837402344
2019-09-26,25.15999984741211,25.155000686645508,25.15999984741211,25.155000686645508,500.0,23.91743278503418
2019-09-27,25.18400001525879,25.18000030517578,25.18000030517578,25.18400001525879,5400.0,23.94500160217285
2019-09-30,25.209999084472656,25.209999084472656,25.209999084472656,25.209999084472656,1800.0,23.97353172302246
2019-10-01,25.25,25.240999221801758,25.25,25.240999221801758,9500.0,24.003005981445312
2019-10-02,25.28499984741211,25.270000457763672,25.270000457763672,25.28499984741211,7285500.0,24.044851303100586
2019-10-03,25.360000610351562,25.31999969482422,25.31999969482422,25.354999542236328,15600.0,24.111417770385742
2019-10-04,25.405000686645508,25.389999389648438,25.399999618530273,25.405000686645508,8500.0,24.158966064453125
2019-10-07,25.389999389648438,25.344999313354492,25.389999389648438,25.344999313354492,11000.0,24.101909637451172
2019-10-08,25.329999923706055,25.304000854492188,25.329999923706055,25.309999465942383,5387100.0,24.068628311157227
2019-10-09,25.332000732421875,25.31100082397461,25.332000732421875,25.31100082397461,600.0,24.069580078125
2019-10-10,25.23699951171875,25.219999313354492,25.233999252319336,25.219999313354492,800.0,23.983041763305664
2019-10-11,25.135000228881836,25.135000228881836,25.135000228881836,25.135000228881836,0.0,23.902212142944336
2019-10-14,25.15999984741211,25.15999984741211,25.15999984741211,25.15999984741211,0.0,23.925983428955078
2019-10-15,25.190000534057617,25.135000228881836,25.190000534057617,25.135000228881836,1200.0,23.902212142944336
2019-10-16,25.170000076293945,25.149999618530273,25.170000076293945,25.149999618530273,600.0,23.916479110717773
2019-10-17,25.190000534057617,25.155000686645508,25.170000076293945,25.155000686645508,600.0,23.921232223510742
2019-10-18,25.15999984741211,25.1299991607666,25.1299991607666,25.15999984741211,1400.0,23.925983428955078
2019-10-21,25.139999389648438,25.118000030517578,25.139999389648438,25.118000030517578,1600.0,23.886043548583984
2019-10-22,25.149999618530273,25.1200008392334,25.149999618530273,25.1299991607666,2500.0,23.8974552154541
2019-10-23,25.18000030517578,25.1200008392334,25.18000030517578,25.1200008392334,5400.0,23.887948989868164
2019-10-24,25.165000915527344,25.165000915527344,25.165000915527344,25.165000915527344,0.0,23.930740356445312
2019-10-25,25.15999984741211,25.1200008392334,25.139999389648438,25.125,1304400.0,23.8927001953125
2019-10-28,25.100000381469727,25.066999435424805,25.075000762939453,25.084999084472656,223500.0,23.854665756225586
2019-10-29,25.1200008392334,25.086000442504883,25.1200008392334,25.094999313354492,9800.0,23.864171981811523
2019-10-30,25.141000747680664,25.059999465942383,25.059999465942383,25.141000747680664,2700.0,23.907915115356445
2019-10-31,25.25,25.15999984741211,25.229999542236328,25.219999313354492,103400.0,24.023178100585938
2019-11-01,25.239999771118164,25.184999465942383,25.239999771118164,25.21500015258789,4100.0,24.018413543701172
2019-11-04,25.209999084472656,25.139999389648438,25.16200065612793,25.165000915527344,549500.0,23.970783233642578
2019-11-05,25.08799934387207,25.049999237060547,25.07200050354004,25.079999923706055,8400.0,23.889820098876953
2019-11-06,25.15999984741211,25.111000061035156,25.114999771118164,25.114999771118164,6700.0,23.923160552978516
2019-11-07,25.06999969482422,24.957000732421875,25.04599952697754,25.024999618530273,12600.0,23.83742904663086
2019-11-08,25.059999465942383,25.010000228881836,25.049999237060547,25.014999389648438,15300.0,23.82790184020996
2019-11-11,25.010000228881836,24.951000213623047,25.010000228881836,24.989999771118164,6600.0,23.804092407226562
2019-11-12,25.040000915527344,25.009000778198242,25.009000778198242,25.024999618530273,3200.0,23.83742904663086
2019-11-13,25.100000381469727,25.038000106811523,25.052000045776367,25.059999465942383,8200.0,23.870771408081055
2019-11-14,25.18000030517578,25.114999771118164,25.1299991607666,25.114999771118164,23000.0,23.923160552978516
2019-11-15,25.15999984741211,25.104999542236328,25.15999984741211,25.121000289916992,5900.0,23.92887306213379
2019-11-18,25.179000854492188,25.11199951171875,25.170000076293945,25.1299991607666,6300.0,23.93744468688965
2019-11-19,25.200000762939453,25.156999588012695,25.16200065612793,25.174999237060547,11900.0,23.980310440063477
2019-11-20,25.23200035095215,25.202999114990234,25.208999633789062,25.2189998626709,4300.0,24.022226333618164
2019-11-21,25.229999542236328,25.141000747680664,25.219999313354492,25.190000534057617,7500.0,23.994600296020508
2019-11-22,25.229999542236328,25.18000030517578,25.229000091552734,25.19499969482422,271300.0,23.999361038208008
2019-11-25,25.239999771118164,25.19700050354004,25.229999542236328,25.209999084472656,9800.0,24.01364517211914
2019-11-26,25.280000686645508,25.24799919128418,25.2549991607666,25.27400016784668,7700.0,24.074615478515625
2019-11-27,25.270000457763672,25.225000381469727,25.260000228881836,25.225000381469727,8400.0,24.02794075012207
2019-11-29,25.200000762939453,25.170000076293945,25.200000762939453,25.18000030517578,7000.0,24.028894424438477
2019-12-02,25.170000076293945,25.104000091552734,25.104000091552734,25.1299991607666,9600.0,23.981176376342773
2019-12-03,25.288999557495117,25.191999435424805,25.219999313354492,25.260000228881836,1400.0,24.105234146118164
2019-12-04,25.229999542236328,25.155000686645508,25.229999542236328,25.209999084472656,9700.0,24.05751609802246
2019-12-05,25.239999771118164,25.190000534057617,25.190000534057617,25.190000534057617,18700.0,24.038434982299805
2019-12-06,25.190000534057617,25.134000778198242,25.18000030517578,25.145000457763672,5600.0,23.99549674987793
2019-12-09,25.200000762939453,25.152000427246094,25.18600082397461,25.190000534057617,7400.0,24.038434982299805
2019-12-10,25.190000534057617,25.125999450683594,25.149999618530273,25.149999618530273,16900.0,24.000263214111328
2019-12-11,25.219999313354492,25.184999465942383,25.209999084472656,25.219999313354492,7300.0,24.067066192626953
2019-12-12,25.170000076293945,25.121999740600586,25.124000549316406,25.135000228881836,9400.0,23.985946655273438
2019-12-13,25.239999771118164,25.200000762939453,25.200000762939453,25.225000381469727,8500.0,24.07183837890625
2019-12-16,25.229999542236328,25.139999389648438,25.229999542236328,25.15999984741211,21900.0,24.00980567932129
2019-12-17,25.18000030517578,25.128999710083008,25.170000076293945,25.155000686645508,9900.0,24.00503921508789
2019-12-18,25.13800048828125,25.1200008392334,25.13800048828125,25.1299991607666,6400.0,23.981176376342773
2019-12-19,25.170000076293945,25.106000900268555,25.106000900268555,25.145000457763672,4500.0,23.99549674987793
2019-12-20,25.170000076293945,25.125,25.139999389648438,25.149999618530273,8100.0,24.000263214111328
2019-12-23,25.15999984741211,25.110000610351562,25.15999984741211,25.149999618530273,35300.0,24.000263214111328
2019-12-24,25.170000076293945,25.145000457763672,25.170000076293945,25.156999588012695,2800.0,24.006946563720703
2019-12-26,25.18000030517578,25.149999618530273,25.152000427246094,25.173999786376953,13700.0,24.023170471191406
2019-12-27,25.219999313354492,25.198999404907227,25.198999404907227,25.209999084472656,2900.0,24.05751609802246
2019-12-30,25.1299991607666,25.09000015258789,25.100000381469727,25.1200008392334,8400.0,24.05751609802246
2019-12-31,25.149999618530273,25.06999969482422,25.1200008392334,25.09000015258789,73600.0,24.028791427612305
2020-01-02,25.15999984741211,25.100000381469727,25.100000381469727,25.135000228881836,35600.0,24.071889877319336
2020-01-03,25.239999771118164,25.18199920654297,25.200000762939453,25.219999313354492,4300.0,24.15329360961914
2020-01-06,25.260000228881836,25.18000030517578,25.260000228881836,25.204999923706055,14700.0,24.138927459716797
2020-01-07,25.209999084472656,25.170000076293945,25.209999084472656,25.190000534057617,4800.0,24.12455940246582
2020-01-08,25.209999084472656,25.135000228881836,25.209999084472656,25.152999877929688,13400.0,24.089126586914062
2020-01-09,25.18000030517578,25.115999221801758,25.1200008392334,25.155000686645508,8300.0,24.09104347229004
2020-01-10,25.219999313354492,25.167999267578125,25.167999267578125,25.219999313354492,34000.0,24.15329360961914
2020-01-13,25.219999313354492,25.18400001525879,25.19099998474121,25.200000762939453,13000.0,24.134136199951172
2020-01-14,25.25,25.21500015258789,25.239999771118164,25.229999542236328,6100.0,24.16286849975586
2020-01-15,25.299999237060547,25.256000518798828,25.256000518798828,25.274999618530273,5400.0,24.205963134765625
2020-01-16,25.299999237060547,25.239999771118164,25.239999771118164,25.263999938964844,32800.0,24.195430755615234
2020-01-17,25.270000457763672,25.22599983215332,25.25,25.2450008392334,26300.0,24.177234649658203
2020-01-21,25.31999969482422,25.270999908447266,25.290000915527344,25.299999237060547,29400.0,24.229909896850586
2020-01-22,25.360000610351562,25.316999435424805,25.34000015258789,25.329999923706055,12800.0,24.258642196655273
2020-01-23,25.399999618530273,25.351999282836914,25.368000030517578,25.364999771118164,10500.0,24.292160034179688
2020-01-24,25.420000076293945,25.399999618530273,25.420000076293945,25.420000076293945,8200.0,24.344831466674805
2020-01-27,25.489999771118164,25.450000762939453,25.450000762939453,25.488000869750977,63300.0,24.409957885742188
2020-01-28,25.469999313354492,25.43000030517578,25.450000762939453,25.459999084472656,32800.0,24.383140563964844
2020-01-29,25.51300048828125,25.46500015258789,25.476999282836914,25.5,3500.0,24.421449661254883
2020-01-30,25.56999969482422,25.510000228881836,25.531999588012695,25.510000228881836,1363400.0,24.4310302734375
2020-01-31,25.540000915527344,25.499000549316406,25.5,25.540000915527344,67800.0,24.508752822875977
2020-02-03,25.540000915527344,25.475000381469727,25.475000381469727,25.510000228881836,10200.0,24.479970932006836
2020-02-04,25.489999771118164,25.420000076293945,25.489999771118164,25.447999954223633,25500.0,24.42047119140625
2020-02-05,25.450000762939453,25.423999786376953,25.43000030517578,25.424999237060547,14400.0,24.39839744567871
2020-02-06,25.450000762939453,25.402000427246094,25.40999984741211,25.450000762939453,9800.0,24.422388076782227
2020-02-07,25.540000915527344,25.489999771118164,25.510000228881836,25.510000228881836,10400.0,24.479970932006836
2020-02-10,25.549999237060547,25.510000228881836,25.540000915527344,25.520000457763672,9900.0,24.489561080932617
2020-02-11,25.52400016784668,25.479999542236328,25.496000289916992,25.510000228881836,145200.0,24.479970932006836
2020-02-12,25.5,25.459999084472656,25.5,25.479999542236328,21000.0,24.4511775970459
2020-02-13,25.510000228881836,25.485000610351562,25.5,25.4950008392334,2300.0,24.46556854248047
2020-02-14,25.549999237060547,25.520000457763672,25.534000396728516,25.520000457763672,10100.0,24.489561080932617
2020-02-18,25.575000762939453,25.530000686645508,25.540000915527344,25.545000076293945,16200.0,24.5135498046875
2020-02-19,25.570999145507812,25.527000427246094,25.527000427246094,25.55900001525879,13000.0,24.526987075805664
2020-02-20,25.639999389648438,25.58099937438965,25.58099937438965,25.604999542236328,3500.0,24.571130752563477
2020-02-21,25.690000534057617,25.649999618530273,25.690000534057617,25.6560001373291,6600.0,24.620067596435547
2020-02-24,25.780000686645508,25.729999542236328,25.746999740600586,25.743000030517578,17200.0,24.70355796813965
2020-02-25,25.81999969482422,25.770000457763672,25.770000457763672,25.783000946044922,17000.0,24.7419490814209
2020-02-26,25.799999237060547,25.73200035095215,25.73200035095215,25.73900032043457,254800.0,24.69972038269043
2020-02-27,25.770000457763672,25.711999893188477,25.75,25.711999893188477,828200.0,24.673809051513672
2020-02-28,25.850000381469727,25.760000228881836,25.790000915527344,25.850000381469727,863100.0,24.853601455688477
2020-03-02,25.940000534057617,25.82699966430664,25.93000030517578,25.82699966430664,18200.0,24.831491470336914
2020-03-03,25.969999313354492,25.790000915527344,25.790000915527344,25.8700008392334,19300.0,24.872831344604492
2020-03-04,26.079999923706055,25.989999771118164,26.06999969482422,25.989999771118164,7300.0,24.988208770751953
2020-03-05,26.049999237060547,26.0,26.030000686645508,26.027000427246094,11900.0,25.02378273010254
2020-03-06,26.25,26.190000534057617,26.21500015258789,26.215999603271484,8100.0,25.205493927001953
2020-03-09,26.340999603271484,26.209999084472656,26.34000015258789,26.25200080871582,365500.0,25.240102767944336
2020-03-10,26.24799919128418,25.94300079345703,26.209999084472656,25.94300079345703,371900.0,24.94301986694336
2020-03-11,25.90999984741211,25.583999633789062,25.767000198364258,25.68000030517578,1407100.0,24.690156936645508
2020-03-12,25.780000686645508,25.274999618530273,25.420000076293945,25.459999084472656,67800.0,24.478633880615234
2020-03-13,25.540000915527344,25.360000610351562,25.530000686645508,25.3700008392334,36800.0,24.392099380493164
2020-03-16,25.667999267578125,25.139999389648438,25.450000762939453,25.479999542236328,58900.0,24.49786376953125
2020-03-17,25.65999984741211,24.899999618530273,25.65999984741211,24.899999618530273,52800.0,23.940221786499023
2020-03-18,24.615999221801758,24.329999923706055,24.615999221801758,24.3799991607666,10900.0,23.440263748168945
2020-03-19,24.649999618530273,24.209999084472656,24.420000076293945,24.402999877929688,232800.0,23.462377548217773
2020-03-20,24.420000076293945,24.194000244140625,24.253999710083008,24.40999984741211,16100.0,23.46910858154297
2020-03-23,24.839000701904297,24.520000457763672,24.56999969482422,24.756000518798828,171900.0,23.80177116394043
2020-03-24,24.860000610351562,24.34000015258789,24.34000015258789,24.860000610351562,45600.0,23.901763916015625
2020-03-25,25.059999465942383,24.832000732421875,24.895999908447266,25.040000915527344,9400.0,24.0748233795166
2020-03-26,25.263999938964844,25.07900047302246,25.07900047302246,25.139999389648438,1019200.0,24.170970916748047
2020-03-27,25.350000381469727,25.18400001525879,25.194000244140625,25.350000381469727,13200.0,24.372875213623047
2020-03-30,25.690000534057617,25.510000228881836,25.6299991607666,25.510000228881836,19700.0,24.526710510253906
2020-03-31,25.450000762939453,25.200000762939453,25.257999420166016,25.440000534057617,574900.0,24.51321792602539
2020-04-01,25.599000930786133,25.360000610351562,25.472000122070312,25.40999984741211,1038300.0,24.484310150146484
2020-04-02,25.540000915527344,25.399999618530273,25.540000915527344,25.459999084472656,9800.0,24.532487869262695
2020-04-03,25.56999969482422,25.40999984741211,25.549999237060547,25.520000457763672,12500.0,24.590303421020508
2020-04-06,25.5,25.381000518798828,25.49799919128418,25.389999389648438,6000.0,24.465036392211914
2020-04-07,25.530000686645508,25.420000076293945,25.5,25.524999618530273,12100.0,24.595121383666992
2020-04-08,25.64900016784668,25.575000762939453,25.6200008392334,25.59000015258789,2600.0,24.657752990722656
2020-04-09,25.84000015258789,25.600000381469727,25.600000381469727,25.84000015258789,9900.0,24.898645401000977
2020-04-13,25.899999618530273,25.670000076293945,25.670000076293945,25.809999465942383,25700.0,24.869739532470703
2020-04-14,25.927000045776367,25.799999237060547,25.90999984741211,25.82900047302246,13017600.0,24.88804817199707
2020-04-15,26.038999557495117,25.90999984741211,25.983999252319336,25.9950008392334,5700.0,25.048002243041992
2020-04-16,26.09000015258789,25.940000534057617,26.09000015258789,25.950000762939453,12908400.0,25.004640579223633
2020-04-17,26.360000610351562,25.881999969482422,25.881999969482422,25.90999984741211,16900.0,24.966094970703125
2020-04-20,25.979999542236328,25.84000015258789,25.874000549316406,25.940000534057617,9200.0,24.995004653930664
2020-04-21,26.010000228881836,25.905000686645508,25.905000686645508,25.979999542236328,18300.0,25.03354835510254
2020-04-22,25.989999771118164,25.860000610351562,25.989999771118164,25.867000579833984,8100.0,24.924663543701172
2020-04-23,26.020000457763672,25.899999618530273,26.0,26.020000457763672,13700.0,25.072086334228516
2020-04-24,26.040000915527344,25.954999923706055,26.030000686645508,25.969999313354492,2000.0,25.02390480041504
2020-04-27,25.959999084472656,25.86199951171875,25.959999084472656,25.881000518798828,3400.0,24.93815040588379
2020-04-28,26.0,25.929000854492188,26.0,25.969999313354492,15600.0,25.02390480041504
2020-04-29,26.040000915527344,25.93000030517578,25.941999435424805,25.950000762939453,9500.0,25.004640579223633
2020-04-30,26.05500030517578,25.827999114990234,25.979999542236328,25.860000610351562,2054300.0,24.91792106628418
2020-05-01,25.90999984741211,25.809999465942383,25.875,25.829999923706055,1105300.0,24.889009475708008
2020-05-04,25.93000030517578,25.84000015258789,25.908000946044922,25.850000381469727,13600.0,24.908281326293945
2020-05-05,25.917999267578125,25.767000198364258,25.90999984741211,25.829999923706055,12400.0,24.889009475708008
2020-05-06,25.829999923706055,25.68000030517578,25.7549991607666,25.829999923706055,7300.0,24.889009475708008
2020-05-07,25.90999984741211,25.79400062561035,25.868999481201172,25.851999282836914,237200.0,24.910207748413086
2020-05-08,25.899999618530273,25.746999740600586,25.790000915527344,25.783000946044922,137200.0,24.843725204467773
2020-05-11,25.809999465942383,25.652000427246094,25.768999099731445,25.774999618530273,7500.0,24.83601188659668
2020-05-12,25.850000381469727,25.70400047302246,25.809999465942383,25.81999969482422,9200.0,24.87937355041504
2020-05-13,25.90999984741211,25.72800064086914,25.72800064086914,25.795000076293945,27400.0,24.85529136657715
2020-05-14,25.878999710083008,25.790000915527344,25.81599998474121,25.81999969482422,201200.0,24.87937355041504
2020-05-15,25.929000854492188,25.790000915527344,25.81999969482422,25.854999542236328,60600.0,24.913103103637695
2020-05-18,25.90999984741211,25.801000595092773,25.84000015258789,25.8700008392334,16400.0,24.927553176879883
2020-05-19,25.959999084472656,25.790000915527344,25.920000076293945,25.790000915527344,50200.0,24.8504695892334
2020-05-20,26.06999969482422,25.875999450683594,25.950000762939453,25.976999282836914,19500.0,25.03065299987793
2020-05-21,26.06999969482422,25.93899917602539,25.93899917602539,26.03499984741211,11800.0,25.0865421295166
2020-05-22,26.09000015258789,25.95400047302246,25.985000610351562,26.02199935913086,9800.0,25.074018478393555
2020-05-26,26.09000015258789,25.90999984741211,26.033000946044922,25.924999237060547,84600.0,24.980548858642578
2020-05-27,26.110000610351562,25.959999084472656,26.014999389648438,26.030000686645508,14100.0,25.081724166870117
2020-05-28,26.079999923706055,25.948999404907227,25.9689998626709,26.06999969482422,12400.0,25.120267868041992
2020-05-29,26.1299991607666,25.957000732421875,25.957000732421875,26.1299991607666,23800.0,25.23324966430664
2020-06-01,26.09000015258789,25.934999465942383,26.045000076293945,25.940000534057617,9200.0,25.049772262573242
2020-06-02,26.1200008392334,25.950000762939453,26.09000015258789,26.100000381469727,46600.0,25.204280853271484
2020-06-03,26.09000015258789,25.94099998474121,26.09000015258789,26.0,14400.0,25.107715606689453
2020-06-04,26.09000015258789,25.926000595092773,25.940000534057617,25.979999542236328,13800.0,25.088397979736328
2020-06-05,26.059999465942383,25.89299964904785,25.93600082397461,25.990999221801758,110700.0,25.099023818969727
2020-06-08,26.170000076293945,25.979999542236328,25.9950008392334,26.059999465942383,16100.0,25.165653228759766
2020-06-09,26.209999084472656,26.065000534057617,26.15999984741211,26.079999923706055,18900.0,25.184968948364258
2020-06-10,26.165000915527344,26.09000015258789,26.149999618530273,26.141000747680664,6700.0,25.243871688842773
2020-06-11,26.219999313354492,26.145000457763672,26.16699981689453,26.209999084472656,7700.0,25.310504913330078
2020-06-12,26.209999084472656,26.10300064086914,26.190000534057617,26.170000076293945,11200.0,25.271879196166992
2020-06-15,26.200000762939453,26.05900001525879,26.06999969482422,26.1299991607666,8300.0,25.23324966430664
2020-06-16,26.219999313354492,26.100000381469727,26.209999084472656,26.219999313354492,17500.0,25.32016372680664
2020-06-17,26.208999633789062,26.09000015258789,26.135000228881836,26.1200008392334,2877100.0,25.22359275817871
2020-06-18,26.209999084472656,26.09000015258789,26.159000396728516,26.139999389648438,10200.0,25.242908477783203
2020-06-19,26.25,26.115999221801758,26.209999084472656,26.239999771118164,56600.0,25.3394775390625
2020-06-22,26.280000686645508,26.174999237060547,26.280000686645508,26.174999237060547,4100.0,25.27670669555664
2020-06-23,26.219999313354492,26.079999923706055,26.18199920654297,26.155000686645508,17200.0,25.25739097595215
2020-06-24,26.200000762939453,26.07900047302246,26.200000762939453,26.200000762939453,7700.0,25.300853729248047
2020-06-25,26.280000686645508,26.100000381469727,26.100000381469727,26.100000381469727,28200.0,25.204280853271484
2020-06-26,26.309999465942383,26.100000381469727,26.100000381469727,26.270000457763672,19200.0,25.36844825744629
2020-06-29,26.68000030517578,26.15999984741211,26.270000457763672,26.290000915527344,46300.0,25.38776206970215
2020-06-30,26.24799919128418,26.079999923706055,26.079999923706055,26.200000762939453,1577100.0,25.353893280029297
2020-07-01,26.25,26.079999923706055,26.16200065612793,26.079999923706055,20700.0,25.237770080566406
2020-07-02,26.325000762939453,26.100000381469727,26.100000381469727,26.219999313354492,28600.0,25.373245239257812
2020-07-06,26.280000686645508,26.1299991607666,26.1299991607666,26.209999084472656,6500.0,25.363567352294922
2020-07-07,26.34000015258789,26.209999084472656,26.209999084472656,26.295000076293945,14400.0,25.445823669433594
2020-07-08,26.40999984741211,26.28499984741211,26.28499984741211,26.34000015258789,18400.0,25.48937225341797
2020-07-09,26.360000610351562,26.280000686645508,26.280000686645508,26.34000015258789,19900.0,25.48937225341797
2020-07-10,26.3700008392334,26.30500030517578,26.360000610351562,26.30500030517578,8300.0,25.455501556396484
2020-07-13,26.34000015258789,26.239999771118164,26.25,26.28499984741211,25500.0,25.436147689819336
2020-07-14,26.420000076293945,26.360000610351562,26.420000076293945,26.360000610351562,21900.0,25.508724212646484
2020-07-15,26.3700008392334,26.329999923706055,26.329999923706055,26.3700008392334,3800.0,25.518402099609375
2020-07-16,26.440000534057617,26.395000457763672,26.42099952697754,26.395000457763672,8000.0,25.54259490966797
2020-07-17,26.440000534057617,26.361000061035156,26.440000534057617,26.395000457763672,7000.0,25.54259490966797
2020-07-20,26.489999771118164,26.420000076293945,26.489999771118164,26.44499969482422,6500.0,25.590978622436523
2020-07-21,26.540000915527344,26.450000762939453,26.5,26.489999771118164,27700.0,25.634523391723633
2020-07-22,26.700000762939453,26.510000228881836,26.514999389648438,26.510000228881836,16000.0,25.653881072998047
2020-07-23,26.59000015258789,26.540000915527344,26.56999969482422,26.559999465942383,8700.0,25.702266693115234
2020-07-24,26.600000381469727,26.520999908447266,26.558000564575195,26.55500030517578,8800.0,25.69742774963379
2020-07-27,26.579999923706055,26.514999389648438,26.541000366210938,26.523000717163086,8900.0,25.666461944580078
2020-07-28,26.610000610351562,26.510000228881836,26.559999465942383,26.56999969482422,32600.0,25.711944580078125
2020-07-29,26.600000381469727,26.489999771118164,26.573999404907227,26.575000762939453,157600.0,25.716781616210938
2020-07-30,26.649999618530273,26.610000610351562,26.625,26.6299991607666,30700.0,25.77000617980957
2020-07-31,26.610000610351562,26.530000686645508,26.559999465942383,26.530000686645508,376400.0,25.731210708618164
2020-08-03,26.579999923706055,26.5,26.5,26.555999755859375,21700.0,25.75642967224121
2020-08-04,26.68000030517578,26.559999465942383,26.559999465942383,26.665000915527344,139600.0,25.862144470214844
2020-08-05,26.639999389648438,26.59000015258789,26.6200008392334,26.6299991607666,16800.0,25.82819938659668
2020-08-06,26.649999618530273,26.579999923706055,26.645000457763672,26.614999771118164,5600.0,25.813650131225586
2020-08-07,26.639999389648438,26.5939998626709,26.639999389648438,26.61400032043457,24400.0,25.812679290771484
2020-08-10,26.632999420166016,26.600000381469727,26.614999771118164,26.600000381469727,5600.0,25.799104690551758
2020-08-11,26.549999237060547,26.493999481201172,26.549999237060547,26.510000228881836,28800.0,25.711809158325195
2020-08-12,26.520000457763672,26.46500015258789,26.482999801635742,26.489999771118164,7900.0,25.692413330078125
2020-08-13,26.510000228881836,26.405000686645508,26.5,26.440000534057617,14500.0,25.643922805786133
2020-08-14,26.40999984741211,26.375,26.399999618530273,26.375,8000.0,25.580875396728516
2020-08-17,26.420000076293945,26.360000610351562,26.389999389648438,26.364999771118164,27500.0,25.571178436279297
2020-08-18,26.399999618530273,26.34000015258789,26.34000015258789,26.382999420166016,131000.0,25.58863639831543
2020-08-19,26.450000762939453,26.34000015258789,26.43000030517578,26.34000015258789,84400.0,25.546932220458984
2020-08-20,26.420000076293945,26.3799991607666,26.40999984741211,26.3799991607666,16200.0,25.585723876953125
2020-08-21,26.450000762939453,26.40999984741211,26.40999984741211,26.440000534057617,67900.0,25.643922805786133
2020-08-24,26.479999542236328,26.3799991607666,26.440000534057617,26.43000030517578,86200.0,25.634220123291016
2020-08-25,26.420000076293945,26.34000015258789,26.3799991607666,26.378000259399414,41000.0,25.583786010742188
2020-08-26,26.3799991607666,26.34000015258789,26.350000381469727,26.3799991607666,14700.0,25.585723876953125
2020-08-27,26.360000610351562,26.280000686645508,26.360000610351562,26.280000686645508,22100.0,25.488739013671875
2020-08-28,26.329999923706055,26.27400016784668,26.31999969482422,26.274999618530273,7700.0,25.483888626098633
2020-08-31,26.399999618530273,26.229999542236328,26.229999542236328,26.290000915527344,2227200.0,25.54802703857422
2020-09-01,26.360000610351562,26.270000457763672,26.290000915527344,26.350000381469727,73700.0,25.606332778930664
2020-09-02,26.440000534057617,26.40999984741211,26.40999984741211,26.440000534057617,5300.0,25.69379425048828
2020-09-03,26.469999313354492,26.40999984741211,26.459999084472656,26.40999984741211,13900.0,25.664640426635742
2020-09-04,26.340999603271484,26.290000915527344,26.340999603271484,26.290000915527344,14100.0,25.54802703857422
2020-09-08,26.40999984741211,26.309999465942383,26.3700008392334,26.350000381469727,301400.0,25.606332778930664
2020-09-09,26.34000015258789,26.290000915527344,26.34000015258789,26.329999923706055,56600.0,25.586898803710938
2020-09-10,26.3700008392334,26.29800033569336,26.31999969482422,26.334999084472656,21600.0,25.591754913330078
2020-09-11,26.40999984741211,26.334999084472656,26.334999084472656,26.351999282836914,12900.0,25.6082763671875
2020-09-14,26.770000457763672,26.33799934387207,26.3799991607666,26.350000381469727,15800.0,25.606332778930664
2020-09-15,26.389999389648438,26.32200050354004,26.350000381469727,26.344999313354492,34400.0,25.60147476196289
2020-09-16,26.420000076293945,26.322999954223633,26.3799991607666,26.333999633789062,1185500.0,25.590782165527344
2020-09-17,26.3799991607666,26.31999969482422,26.364999771118164,26.31999969482422,18700.0,25.577178955078125
2020-09-18,26.3700008392334,26.329999923706055,26.3700008392334,26.34000015258789,9500.0,25.596616744995117
2020-09-21,26.3799991607666,26.329999923706055,26.3799991607666,26.329999923706055,7400.0,25.586898803710938
2020-09-22,26.3799991607666,26.333999633789062,26.36400032043457,26.360000610351562,23000.0,25.616050720214844
2020-09-23,26.360000610351562,26.280000686645508,26.360000610351562,26.280000686645508,24500.0,25.538307189941406
2020-09-24,26.3700008392334,26.329999923706055,26.334999084472656,26.350000381469727,89100.0,25.606332778930664
2020-09-25,26.32900047302246,26.284000396728516,26.299999237060547,26.290000915527344,5500.0,25.54802703857422
2020-09-28,26.329999923706055,26.280000686645508,26.31999969482422,26.329999923706055,53800.0,25.586898803710938
2020-09-29,26.350000381469727,26.30699920654297,26.34000015258789,26.329999923706055,7300.0,25.586898803710938
2020-09-30,26.239999771118164,26.170000076293945,26.239999771118164,26.239999771118164,308200.0,25.55183982849121
2020-10-01,26.25,26.190000534057617,26.209999084472656,26.229999542236328,12800.0,25.542102813720703
2020-10-02,26.260000228881836,26.204999923706055,26.229999542236328,26.239999771118164,14200.0,25.55183982849121
2020-10-05,26.190000534057617,26.1200008392334,26.165000915527344,26.145000457763672,10100.0,25.459335327148438
2020-10-06,26.200000762939453,26.145999908447266,26.145999908447266,26.200000762939453,9000.0,25.512889862060547
2020-10-07,26.209999084472656,26.15999984741211,26.16200065612793,26.15999984741211,27300.0,25.47393798828125
2020-10-08,26.229999542236328,26.18000030517578,26.194000244140625,26.219999313354492,29100.0,25.532367706298828
2020-10-09,26.197999954223633,26.159000396728516,26.18000030517578,26.18000030517578,2900.0,25.49341583251953
2020-10-12,26.25,26.187999725341797,26.200000762939453,26.225000381469727,60800.0,25.537233352661133
2020-10-13,26.290000915527344,26.260000228881836,26.260000228881836,26.270000457763672,10100.0,25.5810546875
2020-10-14,26.298999786376953,26.219999313354492,26.219999313354492,26.270000457763672,20200.0,25.5810546875
2020-10-15,26.299999237060547,26.25,26.290000915527344,26.264999389648438,21600.0,25.57618522644043
2020-10-16,26.290000915527344,26.260000228881836,26.27899932861328,26.260000228881836,5300.0,25.57131576538086
2020-10-19,26.256999969482422,26.219999313354492,26.229999542236328,26.239999771118164,17500.0,25.55183982849121
2020-10-20,26.239999771118164,26.170000076293945,26.18000030517578,26.209999084472656,18400.0,25.522626876831055
2020-10-21,26.219999313354492,26.165000915527344,26.165000915527344,26.190000534057617,19900.0,25.50315284729004
2020-10-22,26.18000030517578,26.139999389648438,26.18000030517578,26.139999389648438,7600.0,25.454463958740234
2020-10-23,26.18000030517578,26.1299991607666,26.1299991607666,26.170000076293945,19300.0,25.483678817749023
2020-10-26,26.229999542236328,26.190000534057617,26.190000534057617,26.200000762939453,58300.0,25.512889862060547
2020-10-27,26.260000228881836,26.219999313354492,26.239999771118164,26.229999542236328,78000.0,25.542102813720703
2020-10-28,26.25,26.208999633789062,26.25,26.222000122070312,31500.0,25.534313201904297
2020-10-29,26.229999542236328,26.1200008392334,26.209999084472656,26.139999389648438,22100.0,25.454463958740234
2020-10-30,26.100000381469727,26.049999237060547,26.09000015258789,26.079999923706055,72200.0,25.447635650634766
2020-11-02,26.149999618530273,26.097000122070312,26.110000610351562,26.110000610351562,27100.0,25.47690773010254
2020-11-03,26.1200008392334,26.06999969482422,26.09000015258789,26.100000381469727,185800.0,25.46714973449707
2020-11-04,26.299999237060547,26.19499969482422,26.239999771118164,26.229999542236328,16800.0,25.593996047973633
2020-11-05,26.290000915527344,26.225000381469727,26.266000747680664,26.283000946044922,19800.0,25.64571189880371
2020-11-06,26.270000457763672,26.21500015258789,26.260000228881836,26.225000381469727,15300.0,25.5891170501709
2020-11-09,26.1200008392334,26.0,26.1200008392334,26.06999969482422,121000.0,25.437875747680664
2020-11-10,26.09000015258789,26.0,26.06999969482422,26.059999465942383,2414000.0,25.428117752075195
2020-11-11,26.059999465942383,25.93000030517578,26.024999618530273,26.020000457763672,68900.0,25.389089584350586
2020-11-12,26.139999389648438,26.059999465942383,26.059999465942383,26.139999389648438,9400.0,25.50617790222168
2020-11-13,26.149999618530273,26.100000381469727,26.1299991607666,26.100000381469727,18600.0,25.46714973449707
2020-11-16,26.170000076293945,26.1299991607666,26.139999389648438,26.1299991607666,25000.0,25.496417999267578
2020-11-17,26.239999771118164,26.184999465942383,26.184999465942383,26.229999542236328,18200.0,25.593996047973633
2020-11-18,26.280000686645508,26.229999542236328,26.2549991607666,26.229999542236328,31700.0,25.593996047973633
2020-11-19,26.309999465942383,26.277000427246094,26.277000427246094,26.305999755859375,26500.0,25.668153762817383
2020-11-20,26.350000381469727,26.309999465942383,26.309999465942383,26.329999923706055,30300.0,25.691574096679688
2020-11-23,26.360000610351562,26.290000915527344,26.315000534057617,26.290000915527344,36800.0,25.652544021606445
2020-11-24,26.309999465942383,26.25,26.290000915527344,26.25,8500.0,25.613510131835938
2020-11-25,26.354999542236328,26.290000915527344,26.29599952697754,26.30500030517578,77600.0,25.667177200317383
2020-11-27,26.350000381469727,26.325000762939453,26.32900047302246,26.34000015258789,7600.0,25.701330184936523
2020-11-30,26.31999969482422,26.280000686645508,26.309999465942383,26.299999237060547,1538500.0,25.710124969482422
2020-12-01,26.25,26.219999313354492,26.2450008392334,26.235000610351562,16700.0,25.64658546447754
2020-12-02,26.229999542236328,26.200000762939453,26.229999542236328,26.209999084472656,50400.0,25.622146606445312
2020-12-03,26.280000686645508,26.239999771118164,26.25,26.260000228881836,215200.0,25.671022415161133
2020-12-04,26.219999313354492,26.170000076293945,26.19499969482422,26.200000762939453,14500.0,25.61237144470215
2020-12-07,26.270000457763672,26.23900032043457,26.25,26.239999771118164,40100.0,25.651472091674805
2020-12-08,26.290000915527344,26.260000228881836,26.260000228881836,26.260000228881836,34400.0,25.671022415161133
2020-12-09,26.280000686645508,26.2549991607666,26.2549991607666,26.280000686645508,7800.0,25.690574645996094
2020-12-10,26.31999969482422,26.25,26.28499984741211,26.309999465942383,58400.0,25.71990394592285
2020-12-11,26.3700008392334,26.329999923706055,26.33300018310547,26.360000610351562,11900.0,25.768779754638672
2020-12-14,26.34000015258789,26.280000686645508,26.280000686645508,26.34000015258789,10600.0,25.749231338500977
2020-12-15,26.34000015258789,26.309999465942383,26.31999969482422,26.329999923706055,49700.0,25.739456176757812
2020-12-16,26.350000381469727,26.309999465942383,26.32200050354004,26.34000015258789,999200.0,25.749231338500977
2020-12-17,26.3799991607666,26.290000915527344,26.3799991607666,26.31999969482422,15500.0,25.729677200317383
2020-12-18,26.347000122070312,26.30299949645996,26.329999923706055,26.315000534057617,13300.0,25.724790573120117
2020-12-21,26.334999084472656,26.299999237060547,26.32200050354004,26.315000534057617,38200.0,25.724790573120117
2020-12-22,26.3700008392334,26.309999465942383,26.309999465942383,26.3700008392334,4400.0,25.77855682373047
2020-12-23,26.329999923706055,26.281999588012695,26.309999465942383,26.329999923706055,6700.0,25.739456176757812
2020-12-24,26.360000610351562,26.315000534057617,26.34000015258789,26.351999282836914,53200.0,25.760961532592773
2020-12-28,26.3700008392334,26.291000366210938,26.329999923706055,26.350000381469727,8800.0,25.759008407592773
2020-12-29,26.3799991607666,26.332000732421875,26.33799934387207,26.3799991607666,40300.0,25.788331985473633
2020-12-30,26.15999984741211,26.094999313354492,26.1299991607666,26.15999984741211,19800.0,25.814977645874023
2020-12-31,26.170000076293945,26.1299991607666,26.139999389648438,26.149999618530273,16200.0,25.80510902404785
2021-01-04,26.170000076293945,26.1200008392334,26.1299991607666,26.145000457763672,29100.0,25.8001766204834
2021-01-05,26.1299991607666,26.084999084472656,26.125,26.1200008392334,33300.0,25.775503158569336
2021-01-06,26.020000457763672,25.950000762939453,26.020000457763672,25.979999542236328,137900.0,25.63735008239746
2021-01-07,25.979999542236328,25.940000534057617,25.954999923706055,25.96500015258789,263100.0,25.622549057006836
2021-01-08,25.959999084472656,25.910999298095703,25.940000534057617,25.93000030517578,83500.0,25.588010787963867
2021-01-11,25.93000030517578,25.899999618530273,25.90999984741211,25.90999984741211,39700.0,25.568273544311523
2021-01-12,25.940000534057617,25.850000381469727,25.899999618530273,25.940000534057617,180900.0,25.59787940979004
2021-01-13,26.0,25.940000534057617,25.959999084472656,25.993999481201172,67400.0,25.651166915893555
2021-01-14,25.989999771118164,25.950000762939453,25.975000381469727,25.954999923706055,118500.0,25.612680435180664
2021-01-15,26.0,25.965999603271484,25.969999313354492,25.983999252319336,42400.0,25.64129638671875
2021-01-19,26.020000457763672,25.951000213623047,25.951000213623047,26.0,19500.0,25.657085418701172
2021-01-20,26.040000915527344,25.989999771118164,26.010000228881836,26.010000228881836,115800.0,25.666954040527344
2021-01-21,26.010000228881836,25.959999084472656,26.010000228881836,26.0,9000.0,25.657085418701172
2021-01-22,26.020000457763672,26.0,26.014999389648438,26.010000228881836,106400.0,25.666954040527344
2021-01-25,26.049999237060547,26.010000228881836,26.040000915527344,26.04199981689453,22100.0,25.69853401184082
2021-01-26,26.059999465942383,26.0,26.040000915527344,26.049999237060547,105500.0,25.706424713134766
2021-01-27,26.079999923706055,26.020999908447266,26.059999465942383,26.03499984741211,15800.0,25.691627502441406
2021-01-28,26.020000457763672,25.993000030517578,26.020000457763672,26.0049991607666,15000.0,25.66202163696289
2021-01-29,25.950000762939453,24.94099998474121,25.90399932861328,25.93000030517578,404800.0,25.63631820678711
2021-02-01,25.959999084472656,25.90999984741211,25.90999984741211,25.93000030517578,54200.0,25.63631820678711
2021-02-02,25.959999084472656,25.90999984741211,25.90999984741211,25.920000076293945,51400.0,25.62643051147461
2021-02-03,25.920000076293945,25.8700008392334,25.90999984741211,25.889999389648438,76600.0,25.59676742553711
2021-02-04,25.920000076293945,25.84600067138672,25.8700008392334,25.920000076293945,31500.0,25.62643051147461
2021-02-05,25.940000534057617,25.8799991607666,25.920000076293945,25.8799991607666,40800.0,25.58687973022461
2021-02-08,25.93000030517578,25.889999389648438,25.889999389648438,25.90999984741211,69600.0,25.61654281616211
2021-02-09,25.93000030517578,25.909000396728516,25.920000076293945,25.915000915527344,43200.0,25.621488571166992
2021-02-10,25.950000762939453,25.90999984741211,25.90999984741211,25.950000762939453,15200.0,25.656089782714844
2021-02-11,25.93199920654297,25.90999984741211,25.93000030517578,25.93000030517578,23200.0,25.63631820678711
2021-02-12,25.8799991607666,25.829999923706055,25.860000610351562,25.834999084472656,36600.0,25.542390823364258
2021-02-16,25.770000457763672,25.729999542236328,25.76799964904785,25.7450008392334,32700.0,25.453413009643555
2021-02-17,25.790000915527344,25.739999771118164,25.76300048828125,25.770000457763672,79900.0,25.478130340576172
2021-02-18,25.780000686645508,25.729000091552734,25.739999771118164,25.75,32200.0,25.458354949951172
2021-02-19,25.739999771118164,25.69499969482422,25.739999771118164,25.719999313354492,36100.0,25.428695678710938
2021-02-22,25.698999404907227,25.625,25.698999404907227,25.649999618530273,20500.0,25.359485626220703
2021-02-23,25.6299991607666,25.582000732421875,25.600000381469727,25.60700035095215,150700.0,25.316974639892578
2021-02-24,25.610000610351562,25.510000228881836,25.510000228881836,25.540000915527344,52200.0,25.250734329223633
2021-02-25,25.488000869750977,25.34000015258789,25.488000869750977,25.360000610351562,19600.0,25.072772979736328
2021-02-26,25.510000228881836,25.389999389648438,25.440000534057617,25.479999542236328,224700.0,25.236194610595703
2021-03-01,25.520000457763672,25.459999084472656,25.459999084472656,25.5,209200.0,25.25600242614746
2021-03-02,25.559999465942383,25.466999053955078,25.479999542236328,25.559999465942383,44200.0,25.315427780151367
2021-03-03,25.5,25.415000915527344,25.450000762939453,25.450000762939453,80100.0,25.206480026245117
2021-03-04,25.489999771118164,25.3799991607666,25.450000762939453,25.39900016784668,714100.0,25.155967712402344
2021-03-05,25.510000228881836,25.30500030517578,25.31999969482422,25.3700008392334,157100.0,25.127246856689453
2021-03-08,25.31999969482422,25.2549991607666,25.309999465942383,25.2549991607666,177400.0,25.013343811035156
2021-03-09,25.360000610351562,25.290000915527344,25.309999465942383,25.299999237060547,36100.0,25.05791473388672
2021-03-10,25.360000610351562,25.299999237060547,25.309999465942383,25.34000015258789,17700.0,25.0975341796875
2021-03-11,25.3700008392334,25.320999145507812,25.329999923706055,25.3439998626709,28800.0,25.10149383544922
2021-03-12,25.25,25.209999084472656,25.25,25.219999313354492,26900.0,24.978679656982422
2021-03-15,25.299999237060547,25.239999771118164,25.239999771118164,25.299999237060547,12700.0,25.05791473388672
2021-03-16,25.280000686645508,25.229999542236328,25.264999389648438,25.239999771118164,16300.0,24.998489379882812
2021-03-17,25.260000228881836,25.170000076293945,25.18000030517578,25.260000228881836,1454400.0,25.018299102783203
2021-03-18,25.200000762939453,25.1299991607666,25.18000030517578,25.165000915527344,29500.0,24.924209594726562
2021-03-19,25.209999084472656,25.143999099731445,25.18000030517578,25.183000564575195,17800.0,24.942031860351562
2021-03-22,25.25,25.216999053955078,25.216999053955078,25.239999771118164,23000.0,24.998489379882812
2021-03-23,25.316999435424805,25.253999710083008,25.273000717163086,25.31399917602539,14700.0,25.071781158447266
2021-03-24,25.329999923706055,25.295000076293945,25.309999465942383,25.31100082397461,4688000.0,25.068809509277344
2021-03-25,25.329999923706055,25.280000686645508,25.325000762939453,25.280000686645508,56900.0,25.03810691833496
2021-03-26,25.290000915527344,25.233999252319336,25.238000869750977,25.243999481201172,11600.0,25.002450942993164
2021-03-29,25.219999313354492,25.190000534057617,25.19499969482422,25.200000762939453,228100.0,24.958871841430664
2021-03-30,25.209999084472656,25.149999618530273,25.170000076293945,25.200000762939453,20900.0,24.958871841430664
2021-03-31,25.200000762939453,25.128999710083008,25.149999618530273,25.18000030517578,186300.0,24.99659538269043
2021-04-01,25.270000457763672,25.229999542236328,25.229999542236328,25.2549991607666,34900.0,25.071046829223633
2021-04-05,25.239999771118164,25.190000534057617,25.209999084472656,25.225000381469727,40800.0,25.0412654876709
2021-04-06,25.31999969482422,25.280000686645508,25.280000686645508,25.31999969482422,70300.0,25.135574340820312
2021-04-07,25.329999923706055,25.260000228881836,25.290000915527344,25.280000686645508,48500.0,25.095867156982422
2021-04-08,25.309999465942383,25.280000686645508,25.292999267578125,25.299999237060547,26100.0,25.115720748901367
2021-04-09,25.309999465942383,25.25,25.25,25.280000686645508,40900.0,25.095867156982422
2021-04-12,25.280000686645508,25.25,25.260000228881836,25.270000457763672,36900.0,25.085939407348633
2021-04-13,25.34000015258789,25.27899932861328,25.280000686645508,25.329999923706055,72000.0,25.1455020904541
2021-04-14,25.31999969482422,25.29599952697754,25.304000854492188,25.315000534057617,439100.0,25.130615234375
2021-04-15,25.440000534057617,25.350000381469727,25.350000381469727,25.399999618530273,15900.0,25.21499252319336
2021-04-16,25.389999389648438,25.350000381469727,25.360000610351562,25.368999481201172,55800.0,25.184219360351562
2021-04-19,25.3700008392334,25.326000213623047,25.329999923706055,25.326000213623047,63100.0,25.14153289794922
2021-04-20,25.389999389648438,25.31999969482422,25.31999969482422,25.3799991607666,57600.0,25.195138931274414
2021-04-21,25.385000228881836,25.360000610351562,25.381000518798828,25.385000228881836,11600.0,25.200103759765625
2021-04-22,25.399999618530273,25.354999542236328,25.384000778198242,25.395999908447266,36600.0,25.211021423339844
2021-04-23,25.40999984741211,25.3799991607666,25.405000686645508,25.405000686645508,17600.0,25.21995735168457
2021-04-26,25.40999984741211,25.375,25.384000778198242,25.375,20700.0,25.190174102783203
2021-04-27,25.3799991607666,25.325000762939453,25.378999710083008,25.325000762939453,37600.0,25.14053726196289
2021-04-28,25.350000381469727,25.31999969482422,25.322999954223633,25.344999313354492,32700.0,25.16039276123047
2021-04-29,25.34000015258789,25.280000686645508,25.28499984741211,25.329999923706055,48600.0,25.1455020904541
2021-04-30,25.319000244140625,25.280000686645508,25.280000686645508,25.309999465942383,4648500.0,25.170364379882812
2021-05-03,25.350000381469727,25.295000076293945,25.315000534057617,25.315000534057617,51300.0,25.17534065246582
2021-05-04,25.389999389648438,25.34000015258789,25.360000610351562,25.360000610351562,15500.0,25.220090866088867
2021-05-05,25.360000610351562,25.309999465942383,25.309999465942383,25.350000381469727,39900.0,25.210145950317383
2021-05-06,25.399999618530273,25.360000610351562,25.360000610351562,25.3799991607666,32600.0,25.239980697631836
2021-05-07,25.420000076293945,25.360000610351562,25.385000228881836,25.3700008392334,12800.0,25.23003578186035
2021-05-10,25.3700008392334,25.309999465942383,25.35300064086914,25.31999969482422,23000.0,25.180309295654297
2021-05-11,25.290000915527344,25.270000457763672,25.28700065612793,25.27899932861328,11500.0,25.139535903930664
2021-05-12,25.239999771118164,25.198999404907227,25.229999542236328,25.209999084472656,30300.0,25.0709171295166
2021-05-13,25.25,25.225000381469727,25.225000381469727,25.249000549316406,94100.0,25.109703063964844
2021-05-14,25.299999237060547,25.260000228881836,25.281999588012695,25.290000915527344,29400.0,25.150474548339844
2021-05-17,25.299999237060547,25.260000228881836,25.280000686645508,25.299999237060547,64500.0,25.160419464111328
2021-05-18,25.290000915527344,25.239999771118164,25.239999771118164,25.243999481201172,106100.0,25.10472869873047
2021-05-19,25.280000686645508,25.200000762939453,25.260000228881836,25.225000381469727,61100.0,25.085834503173828
2021-05-20,25.309999465942383,25.26099967956543,25.26099967956543,25.30500030517578,52900.0,25.165393829345703
2021-05-21,25.299999237060547,25.275999069213867,25.297000885009766,25.295000076293945,386300.0,25.15544891357422
2021-05-24,25.360000610351562,25.30500030517578,25.309999465942383,25.33799934387207,56000.0,25.198211669921875
2021-05-25,25.389999389648438,25.354999542236328,25.360000610351562,25.389999389648438,25300.0,25.249921798706055
2021-05-26,25.399999618530273,25.375,25.389999389648438,25.375,26800.0,25.23500633239746
2021-05-27,25.350000381469727,25.31999969482422,25.350000381469727,25.350000381469727,15700.0,25.210145950317383
2021-05-28,25.34000015258789,25.299999237060547,25.31999969482422,25.299999237060547,2995000.0,25.204166412353516
2021-06-01,25.309999465942383,25.277999877929688,25.290000915527344,25.309999465942383,26300.0,25.214128494262695
2021-06-02,25.350000381469727,25.31999969482422,25.31999969482422,25.31999969482422,12000.0,25.224090576171875
2021-06-03,25.299999237060547,25.280000686645508,25.299999237060547,25.290000915527344,6400.0,25.194204330444336
2021-06-04,25.3799991607666,25.32699966430664,25.329999923706055,25.360000610351562,19400.0,25.263938903808594
2021-06-07,25.375,25.350000381469727,25.358999252319336,25.360000610351562,48500.0,25.263938903808594
2021-06-08,25.409000396728516,25.385000228881836,25.399999618530273,25.395000457763672,31000.0,25.29880714416504
2021-06-09,25.450000762939453,25.420000076293945,25.43899917602539,25.444000244140625,26800.0,25.34762191772461
2021-06-10,25.530000686645508,25.440000534057617,25.440000534057617,25.489999771118164,40900.0,25.393447875976562
2021-06-11,25.489999771118164,25.459999084472656,25.479999542236328,25.479999542236328,14300.0,25.383485794067383
2021-06-14,25.440000534057617,25.40999984741211,25.43000030517578,25.424999237060547,18600.0,25.328691482543945
2021-06-15,25.43000030517578,25.399999618530273,25.420000076293945,25.43000030517578,35700.0,25.33367347717285
2021-06-16,25.450000762939453,25.354999542236328,25.430999755859375,25.3700008392334,1077300.0,25.273902893066406
2021-06-17,25.4950008392334,25.409000396728516,25.409000396728516,25.444000244140625,20400.0,25.34762191772461
2021-06-18,25.520000457763672,25.450000762939453,25.450000762939453,25.510000228881836,24900.0,25.413372039794922
2021-06-21,25.479999542236328,25.440000534057617,25.450000762939453,25.450000762939453,50100.0,25.353599548339844
2021-06-22,25.475000381469727,25.44499969482422,25.450000762939453,25.469999313354492,37300.0,25.37352180480957
2021-06-23,25.475000381469727,25.44499969482422,25.450000762939453,25.44499969482422,22200.0,25.348617553710938
2021-06-24,25.469999313354492,25.454999923706055,25.459999084472656,25.46500015258789,339000.0,25.368541717529297
2021-06-25,25.450000762939453,25.400999069213867,25.450000762939453,25.413000106811523,19500.0,25.316740036010742
2021-06-28,25.489999771118164,25.46500015258789,25.46500015258789,25.47800064086914,33500.0,25.381494522094727
2021-06-29,25.479999542236328,25.459999084472656,25.469999313354492,25.479999542236328,11500.0,25.383485794067383
2021-06-30,25.510000228881836,25.450000762939453,25.469999313354492,25.510000228881836,292000.0,25.46333885192871
2021-07-01,25.46500015258789,25.389999389648438,25.450000762939453,25.440000534057617,44500.0,25.39346694946289
2021-07-02,25.520000457763672,25.469999313354492,25.469999313354492,25.506999969482422,31200.0,25.460344314575195
2021-07-06,25.59000015258789,25.579999923706055,25.579999923706055,25.579999923706055,15700.0,25.53321075439453
2021-07-07,25.639999389648438,25.59000015258789,25.610000610351562,25.62700080871582,13800.0,25.58012580871582
2021-07-08,25.690000534057617,25.639999389648438,25.674999237060547,25.665000915527344,346400.0,25.61805534362793
2021-07-09,25.579999923706055,25.559999465942383,25.575000762939453,25.565000534057617,19500.0,25.518238067626953
2021-07-12,25.59000015258789,25.55500030517578,25.59000015258789,25.55500030517578,6500.0,25.508256912231445
2021-07-13,25.576000213623047,25.489999771118164,25.56999969482422,25.489999771118164,55800.0,25.443374633789062
2021-07-14,25.59000015258789,25.56999969482422,25.579999923706055,25.584999084472656,27600.0,25.53820037841797
2021-07-15,25.719999313354492,25.579999923706055,25.719999313354492,25.639999389648438,29400.0,25.59309959411621
2021-07-16,25.639999389648438,25.579999923706055,25.579999923706055,25.635000228881836,25400.0,25.588109970092773
2021-07-19,25.770000457763672,25.719999313354492,25.719999313354492,25.7549991607666,73400.0,25.707889556884766
2021-07-20,25.790000915527344,25.700000762939453,25.790000915527344,25.704999923706055,319600.0,25.657981872558594
2021-07-21,25.649999618530273,25.610000610351562,25.649999618530273,25.628999710083008,22500.0,25.582120895385742
2021-07-22,25.709999084472656,25.684999465942383,25.684999465942383,25.704999923706055,32800.0,25.657981872558594
2021-07-23,25.67799949645996,25.641000747680664,25.641000747680664,25.674999237060547,13700.0,25.628036499023438
2021-07-26,25.690000534057617,25.649999618530273,25.674999237060547,25.652000427246094,21500.0,25.605079650878906
2021-07-27,25.719999313354492,25.700000762939453,25.719999313354492,25.700000762939453,128400.0,25.652992248535156
2021-07-28,25.729999542236328,25.68000030517578,25.690000534057617,25.729999542236328,20900.0,25.68293571472168
2021-07-29,25.709999084472656,25.68600082397461,25.68600082397461,25.69499969482422,22700.0,25.647998809814453
2021-07-30,25.690000534057617,25.656999588012695,25.663000106811523,25.672000885009766,67500.0,25.672000885009766
2021-08-02,25.760000228881836,25.684999465942383,25.684999465942383,25.72599983215332,13700.0,25.72599983215332
2021-08-03,25.770000457763672,25.756000518798828,25.76300048828125,25.756000518798828,24800.0,25.756000518798828
2021-08-04,25.780000686645508,25.700000762939453,25.780000686645508,25.7450008392334,28600.0,25.7450008392334
2021-08-05,25.719999313354492,25.670000076293945,25.719999313354492,25.69499969482422,118000.0,25.69499969482422
2021-08-06,25.649999618530273,25.593000411987305,25.649999618530273,25.593000411987305,22000.0,25.593000411987305
2021-08-09,25.604999542236328,25.545000076293945,25.604999542236328,25.545000076293945,47300.0,25.545000076293945
2021-08-10,25.579999923706055,25.540000915527344,25.579999923706055,25.545000076293945,82800.0,25.545000076293945
2021-08-11,25.545000076293945,25.489999771118164,25.510000228881836,25.5,52700.0,25.5
2021-08-12,25.514999389648438,25.489999771118164,25.489999771118164,25.514999389648438,77500.0,25.514999389648438
2021-08-13,25.594999313354492,25.540000915527344,25.540000915527344,25.594999313354492,22800.0,25.594999313354492
2021-08-16,25.649999618530273,25.600000381469727,25.64299964904785,25.614999771118164,13500.0,25.614999771118164
2021-08-17,25.6299991607666,25.600000381469727,25.600000381469727,25.6200008392334,60300.0,25.6200008392334
2021-08-18,25.604999542236328,25.584999084472656,25.594999313354492,25.584999084472656,20400.0,25.584999084472656
2021-08-19,25.639999389648438,25.6200008392334,25.6200008392334,25.625,24900.0,25.625
2021-08-20,25.639999389648438,25.625,25.635000228881836,25.625,22800.0,25.625
2021-08-23,25.649999618530273,25.614999771118164,25.614999771118164,25.635000228881836,79800.0,25.635000228881836
2021-08-24,25.6200008392334,25.59600067138672,25.604999542236328,25.599000930786133,27800.0,25.599000930786133
2021-08-25,25.600000381469727,25.549999237060547,25.600000381469727,25.551000595092773,9300.0,25.551000595092773
2021-08-26,25.56999969482422,25.540000915527344,25.540000915527344,25.565000534057617,112200.0,25.565000534057617
2021-08-27,25.6299991607666,25.56100082397461,25.56100082397461,25.621999740600586,9800.0,25.621999740600586
2021-08-30,25.655000686645508,25.610000610351562,25.610000610351562,25.655000686645508,15700.0,25.655000686645508
2021-08-31,25.618999481201172,25.559999465942383,25.613000869750977,25.570999145507812,13700.0,25.570999145507812
2021-09-01,25.6200008392334,25.56999969482422,25.589000701904297,25.59000015258789,477600.0,25.59000015258789
2021-09-02,25.625,25.59000015258789,25.600000381469727,25.625,15200.0,25.625
2021-09-03,25.579999923706055,25.559999465942383,25.56100082397461,25.56999969482422,30800.0,25.56999969482422
2021-09-07,25.530000686645508,25.5,25.530000686645508,25.510000228881836,8000.0,25.510000228881836
2021-09-08,25.56999969482422,25.530000686645508,25.548999786376953,25.56399917602539,14200.0,25.56399917602539
2021-09-09,25.6299991607666,25.549999237060547,25.559999465942383,25.614999771118164,25400.0,25.614999771118164
2021-09-10,25.600000381469727,25.56999969482422,25.599000930786133,25.575000762939453,8800.0,25.575000762939453
2021-09-13,25.6200008392334,25.59000015258789,25.59000015258789,25.610000610351562,28000.0,25.610000610351562
2021-09-14,25.719999313354492,25.639999389648438,25.649999618530273,25.66200065612793,12500.0,25.66200065612793
2021-09-15,25.690000534057617,25.6299991607666,25.690000534057617,25.65999984741211,14800.0,25.65999984741211
2021-09-16,25.6200008392334,25.604999542236328,25.610000610351562,25.604999542236328,12000.0,25.604999542236328
2021-09-17,25.600000381469727,25.575000762939453,25.575000762939453,25.584999084472656,19500.0,25.584999084472656
2021-09-20,25.639999389648438,25.608999252319336,25.608999252319336,25.6200008392334,37300.0,25.6200008392334
2021-09-21,25.6299991607666,25.600000381469727,25.625,25.614999771118164,10100.0,25.614999771118164
2021-09-22,25.641000747680664,25.584999084472656,25.6200008392334,25.641000747680664,2980400.0,25.641000747680664
2021-09-23,25.572999954223633,25.51300048828125,25.572999954223633,25.514999389648438,10900.0,25.514999389648438
2021-09-24,25.489999771118164,25.479999542236328,25.485000610351562,25.485000610351562,474600.0,25.485000610351562
2021-09-27,25.450000762939453,25.429000854492188,25.44499969482422,25.429000854492188,7000.0,25.429000854492188
2021-09-28,25.3700008392334,25.334999084472656,25.34000015258789,25.334999084472656,11300.0,25.334999084472656
2021-09-29,25.389999389648438,25.329999923706055,25.389999389648438,25.350000381469727,9000.0,25.350000381469727
2021-09-30,25.31999969482422,25.260000228881836,25.299999237060547,25.299999237060547,52900.0,25.299999237060547
2021-10-01,25.389999389648438,25.360000610351562,25.3700008392334,25.38800048828125,9500.0,25.38800048828125
2021-10-04,25.388999938964844,25.344999313354492,25.349000930786133,25.364999771118164,5900.0,25.364999771118164
2021-10-05,25.350000381469727,25.290000915527344,25.34000015258789,25.302000045776367,7800.0,25.302000045776367
2021-10-06,25.31800079345703,25.290000915527344,25.299999237060547,25.30299949645996,15400.0,25.30299949645996
2021-10-07,25.260000228881836,25.229999542236328,25.260000228881836,25.235000610351562,9600.0,25.235000610351562
2021-10-08,25.229999542236328,25.19499969482422,25.229999542236328,25.19499969482422,3900.0,25.19499969482422
2021-10-11,25.18000030517578,25.14900016784668,25.15999984741211,25.14900016784668,8400.0,25.14900016784668
2021-10-12,25.239999771118164,25.1299991607666,25.1299991607666,25.239999771118164,13900.0,25.239999771118164
2021-10-13,25.28499984741211,25.25200080871582,25.26799964904785,25.281999588012695,13600.0,25.281999588012695
2021-10-14,25.329999923706055,25.280000686645508,25.280000686645508,25.315000534057617,61000.0,25.315000534057617
2021-10-15,25.274999618530273,25.25,25.260000228881836,25.2549991607666,22300.0,25.2549991607666
2021-10-18,25.270000457763672,25.201000213623047,25.209999084472656,25.256999969482422,15800.0,25.256999969482422
2021-10-19,25.22800064086914,25.200000762939453,25.22800064086914,25.204999923706055,43700.0,25.204999923706055
2021-10-20,25.2189998626709,25.17300033569336,25.198999404907227,25.17300033569336,19600.0,25.17300033569336
2021-10-21,25.149999618530273,25.1299991607666,25.1299991607666,25.135000228881836,9500.0,25.135000228881836
2021-10-22,25.18899917602539,25.149999618530273,25.15999984741211,25.17099952697754,17700.0,25.17099952697754
2021-10-25,25.209999084472656,25.190000534057617,25.209999084472656,25.190000534057617,7900.0,25.190000534057617
2021-10-26,25.22599983215332,25.200000762939453,25.200000762939453,25.225000381469727,36800.0,25.225000381469727
2021-10-27,25.354999542236328,25.280000686645508,25.298999786376953,25.31999969482422,13300.0,25.31999969482422
2021-10-28,25.329999923706055,25.288000106811523,25.299999237060547,25.295000076293945,12200.0,25.295000076293945
2021-10-29,25.280000686645508,25.190000534057617,25.190000534057617,25.2450008392334,1045400.0,25.2450008392334
2021-11-01,25.2549991607666,25.18000030517578,25.18000030517578,25.235000610351562,28000.0,25.235000610351562
2021-11-02,25.290000915527344,25.250999450683594,25.264999389648438,25.270000457763672,5800.0,25.270000457763672
2021-11-03,25.290000915527344,25.211000442504883,25.290000915527344,25.235000610351562,27000.0,25.235000610351562
2021-11-04,25.309999465942383,25.25,25.25,25.30500030517578,59800.0,25.30500030517578
2021-11-05,25.40999984741211,25.34000015258789,25.344999313354492,25.402999877929688,8300.0,25.402999877929688
2021-11-08,25.3700008392334,25.34000015258789,25.360000610351562,25.34000015258789,47400.0,25.34000015258789
2021-11-09,25.479999542236328,25.43000030517578,25.440000534057617,25.43000030517578,9900.0,25.43000030517578
2021-11-10,25.399999618530273,25.239999771118164,25.399999618530273,25.260000228881836,25900.0,25.260000228881836
2021-11-11,25.270000457763672,25.229999542236328,25.270000457763672,25.229999542236328,9700.0,25.229999542236328
2021-11-12,25.277999877929688,25.219999313354492,25.270000457763672,25.235000610351562,22900.0,25.235000610351562
2021-11-15,25.204999923706055,25.149999618530273,25.204999923706055,25.15999984741211,54100.0,25.15999984741211
2021-11-16,25.187999725341797,25.1299991607666,25.187999725341797,25.135000228881836,16200.0,25.135000228881836
2021-11-17,25.18000030517578,25.1200008392334,25.1200008392334,25.18000030517578,22000.0,25.18000030517578
2021-11-18,25.219999313354492,25.18000030517578,25.18000030517578,25.209999084472656,21600.0,25.209999084472656
2021-11-19,25.280000686645508,25.239999771118164,25.260000228881836,25.2450008392334,16800.0,25.2450008392334
2021-11-22,25.198999404907227,25.1200008392334,25.18000030517578,25.139999389648438,13900.0,25.139999389648438
2021-11-23,25.114999771118164,25.059999465942383,25.114999771118164,25.059999465942383,26800.0,25.059999465942383
2021-11-24,25.100000381469727,25.040000915527344,25.040000915527344,25.100000381469727,11800.0,25.100000381469727
2021-11-26,25.280000686645508,25.209999084472656,25.209999084472656,25.246000289916992,11800.0,25.246000289916992
2021-11-29,25.23900032043457,25.18000030517578,25.18000030517578,25.225000381469727,18400.0,25.225000381469727
2021-11-30,25.31999969482422,25.170000076293945,25.299999237060547,25.170000076293945,70200.0,25.170000076293945
2021-12-01,25.260000228881836,25.17799949645996,25.18000030517578,25.260000228881836,55500.0,25.260000228881836
2021-12-02,25.288999557495117,25.229999542236328,25.288999557495117,25.2549991607666,30600.0,25.2549991607666
2021-12-03,25.358999252319336,25.219999313354492,25.219999313354492,25.344999313354492,5200.0,25.344999313354492
2021-12-06,25.309999465942383,25.239999771118164,25.309999465942383,25.259000778198242,61200.0,25.259000778198242
2021-12-07,25.280000686645508,25.235000610351562,25.242000579833984,25.239999771118164,1085100.0,25.239999771118164
2021-12-08,25.200000762939453,25.149999618530273,25.200000762939453,25.165000915527344,11600.0,25.165000915527344
2021-12-09,25.200000762939453,25.170000076293945,25.180999755859375,25.170000076293945,31000.0,25.170000076293945
2021-12-10,25.239999771118164,25.170000076293945,25.209999084472656,25.18000030517578,32200.0,25.18000030517578
2021-12-13,25.280000686645508,25.23900032043457,25.23900032043457,25.2549991607666,20900.0,25.2549991607666
2021-12-14,25.2450008392334,25.190000534057617,25.201000213623047,25.229000091552734,128600.0,25.229000091552734
2021-12-15,25.219999313354492,25.15999984741211,25.19099998474121,25.19300079345703,17900.0,25.19300079345703
2021-12-16,25.229999542236328,25.204999923706055,25.209999084472656,25.209999084472656,32500.0,25.209999084472656
2021-12-17,25.226999282836914,25.18000030517578,25.226999282836914,25.19499969482422,11200.0,25.19499969482422
2021-12-20,25.219999313354492,25.160999298095703,25.218000411987305,25.16200065612793,29200.0,25.16200065612793
2021-12-21,25.149999618530273,25.09000015258789,25.110000610351562,25.149999618530273,24000.0,25.149999618530273
2021-12-22,25.170000076293945,25.1299991607666,25.170000076293945,25.170000076293945,136500.0,25.170000076293945
2021-12-23,25.1200008392334,25.091999053955078,25.110000610351562,25.110000610351562,50600.0,25.110000610351562
2021-12-27,25.139999389648438,25.121000289916992,25.1299991607666,25.125,6300.0,25.125
2021-12-28,25.165000915527344,25.1200008392334,25.149999618530273,25.1299991607666,20700.0,25.1299991607666
2021-12-29,25.100000381469727,24.959999084472656,25.100000381469727,25.059999465942383,79400.0,25.059999465942383
2021-12-30,25.1299991607666,25.06999969482422,25.094999313354492,25.110000610351562,86500.0,25.110000610351562
2021-12-31,25.149999618530273,25.1200008392334,25.128000259399414,25.124000549316406,240200.0,25.124000549316406
2022-01-03,25.03499984741211,24.969999313354492,25.020000457763672,24.979999542236328,18400.0,24.979999542236328
2022-01-04,24.948999404907227,24.910999298095703,24.94499969482422,24.948999404907227,13200.0,24.948999404907227
2022-01-05,24.969999313354492,24.895000457763672,24.959999084472656,24.895000457763672,6600.0,24.895000457763672
2022-01-06,24.8700008392334,24.829999923706055,24.84000015258789,24.868999481201172,74600.0,24.868999481201172
2022-01-07,24.857999801635742,24.780000686645508,24.857999801635742,24.815000534057617,2559800.0,24.815000534057617
2022-01-10,24.790000915527344,24.753000259399414,24.760000228881836,24.780000686645508,29000.0,24.780000686645508
2022-01-11,24.81999969482422,24.760000228881836,24.770000457763672,24.812999725341797,46600.0,24.812999725341797
2022-01-12,24.829999923706055,24.790000915527344,24.81999969482422,24.79400062561035,34300.0,24.79400062561035
2022-01-13,24.836999893188477,24.790000915527344,24.80900001525879,24.834999084472656,99200.0,24.834999084472656
2022-01-14,24.790000915527344,24.71500015258789,24.770000457763672,24.719999313354492,48100.0,24.719999313354492
2022-01-18,24.639999389648438,24.559999465942383,24.639999389648438,24.579999923706055,29800.0,24.579999923706055
2022-01-19,24.65999984741211,24.6200008392334,24.625,24.639999389648438,29700.0,24.639999389648438
2022-01-20,24.649999618530273,24.6299991607666,24.649999618530273,24.6299991607666,123600.0,24.6299991607666
2022-01-21,24.743000030517578,24.709999084472656,24.722000122070312,24.729999542236328,14600.0,24.729999542236328
2022-01-24,24.760000228881836,24.67799949645996,24.75,24.700000762939453,51700.0,24.700000762939453
2022-01-25,24.709999084472656,24.645000457763672,24.69300079345703,24.655000686645508,131500.0,24.655000686645508
2022-01-26,24.68899917602539,24.55900001525879,24.670000076293945,24.55900001525879,56500.0,24.55900001525879
2022-01-27,24.649999618530273,24.59600067138672,24.610000610351562,24.60099983215332,22400.0,24.60099983215332
2022-01-28,24.625,24.597999572753906,24.600000381469727,24.625,58000.0,24.625
2022-01-31,24.61400032043457,24.540000915527344,24.549999237060547,24.600000381469727,3643200.0,24.600000381469727
2022-02-01,24.499000549316406,24.450000762939453,24.450000762939453,24.489999771118164,45300.0,24.489999771118164
2022-02-02,24.589000701904297,24.520000457763672,24.540000915527344,24.540000915527344,18900.0,24.540000915527344
2022-02-03,24.459999084472656,24.440000534057617,24.440000534057617,24.454999923706055,8900.0,24.454999923706055
2022-02-04,24.350000381469727,24.29400062561035,24.350000381469727,24.299999237060547,13900.0,24.299999237060547
2022-02-07,24.31999969482422,24.280000686645508,24.299999237060547,24.31100082397461,70000.0,24.31100082397461
2022-02-08,24.270000457763672,24.23699951171875,24.25,24.25,29500.0,24.25
2022-02-09,24.309999465942383,24.260000228881836,24.280000686645508,24.260000228881836,12200.0,24.260000228881836
2022-02-10,24.18400001525879,24.06399917602539,24.18000030517578,24.06399917602539,17000.0,24.06399917602539
2022-02-11,24.208999633789062,24.049999237060547,24.1299991607666,24.18000030517578,51000.0,24.18000030517578
2022-02-14,24.110000610351562,24.040000915527344,24.079999923706055,24.05299949645996,14700.0,24.05299949645996
2022-02-15,24.04400062561035,24.010000228881836,24.040000915527344,24.01799964904785,14000.0,24.01799964904785
2022-02-16,24.040000915527344,23.969999313354492,24.025999069213867,24.038999557495117,18300.0,24.038999557495117
2022-02-17,24.094999313354492,24.049999237060547,24.082000732421875,24.06599998474121,12800.0,24.06599998474121
2022-02-18,24.110000610351562,24.07200050354004,24.08099937438965,24.094999313354492,9200.0,24.094999313354492
2022-02-22,24.06999969482422,24.030000686645508,24.04599952697754,24.049999237060547,12700.0,24.049999237060547
2022-02-23,24.030000686645508,23.97100067138672,24.010000228881836,23.974000930786133,86100.0,23.974000930786133
2022-02-24,24.020000457763672,23.93000030517578,24.020000457763672,23.950000762939453,27300.0,23.950000762939453
2022-02-25,23.979999542236328,23.93000030517578,23.969999313354492,23.979999542236328,10000.0,23.979999542236328
2022-02-28,24.18000030517578,24.09000015258789,24.110000610351562,24.170000076293945,261800.0,24.170000076293945
2022-03-01,24.29800033569336,24.190000534057617,24.190000534057617,24.235000610351562,18400.0,24.235000610351562
2022-03-02,24.1299991607666,23.945999145507812,24.128999710083008,23.945999145507812,51600.0,23.945999145507812
2022-03-03,24.01799964904785,23.969999313354492,23.979999542236328,24.0,8400.0,24.0
2022-03-04,24.12700080871582,24.06999969482422,24.110000610351562,24.093000411987305,9100.0,24.093000411987305
2022-03-07,24.049999237060547,23.979999542236328,24.020999908447266,24.010000228881836,9300.0,24.010000228881836
2022-03-08,23.8799991607666,23.850000381469727,23.8700008392334,23.854000091552734,52300.0,23.854000091552734
2022-03-09,23.850000381469727,23.790000915527344,23.839000701904297,23.802000045776367,11700.0,23.802000045776367
2022-03-10,23.738000869750977,23.670000076293945,23.738000869750977,23.690000534057617,510400.0,23.690000534057617
2022-03-11,23.70800018310547,23.65999984741211,23.684999465942383,23.68000030517578,10500.0,23.68000030517578
2022-03-14,23.55900001525879,23.459999084472656,23.54199981689453,23.475000381469727,20400.0,23.475000381469727
2022-03-15,23.56800079345703,23.450000762939453,23.549999237060547,23.479999542236328,17700.0,23.479999542236328
2022-03-16,23.549999237060547,23.381000518798828,23.5,23.500999450683594,1378900.0,23.500999450683594
2022-03-17,23.549999237060547,23.500999450683594,23.5310001373291,23.523000717163086,9300.0,23.523000717163086
2022-03-18,23.610000610351562,23.572999954223633,23.600000381469727,23.59000015258789,82800.0,23.59000015258789
2022-03-21,23.489999771118164,23.3799991607666,23.469999313354492,23.389999389648438,16300.0,23.389999389648438
2022-03-22,23.334999084472656,23.270000457763672,23.329999923706055,23.30500030517578,162300.0,23.30500030517578
2022-03-23,23.415000915527344,23.33300018310547,23.360000610351562,23.415000915527344,10800.0,23.415000915527344
2022-03-24,23.389999389648438,23.329999923706055,23.329999923706055,23.364999771118164,3100.0,23.364999771118164
2022-03-25,23.260000228881836,23.19499969482422,23.260000228881836,23.2189998626709,7300.0,23.2189998626709
2022-03-28,23.280000686645508,23.209999084472656,23.280000686645508,23.25,34600.0,23.25
2022-03-29,23.358999252319336,23.270000457763672,23.291000366210938,23.334999084472656,10000.0,23.334999084472656
2022-03-30,23.459999084472656,23.290000915527344,23.290000915527344,23.405000686645508,23900.0,23.405000686645508
2022-03-31,23.459999084472656,23.420000076293945,23.420000076293945,23.42300033569336,2603500.0,23.42300033569336
2022-04-01,23.360000610351562,23.25,23.25,23.343000411987305,6600.0,23.343000411987305
2022-04-04,23.34000015258789,23.285999298095703,23.329999923706055,23.32900047302246,31400.0,23.32900047302246
2022-04-05,23.270000457763672,23.141000747680664,23.270000457763672,23.142000198364258,5700.0,23.142000198364258
2022-04-06,23.100000381469727,23.020000457763672,23.020000457763672,23.079999923706055,63700.0,23.079999923706055
2022-04-07,23.069000244140625,23.010000228881836,23.069000244140625,23.030000686645508,8200.0,23.030000686645508
2022-04-08,22.97100067138672,22.90999984741211,22.97100067138672,22.92799949645996,15600.0,22.92799949645996
2022-04-11,22.864999771118164,22.809999465942383,22.864999771118164,22.820999145507812,232100.0,22.820999145507812
2022-04-12,22.93000030517578,22.863000869750977,22.90999984741211,22.863000869750977,78500.0,22.863000869750977
2022-04-13,22.958999633789062,22.884000778198242,22.917999267578125,22.88599967956543,12100.0,22.88599967956543
2022-04-14,22.799999237060547,22.719999313354492,22.799999237060547,22.73200035095215,7800.0,22.73200035095215
2022-04-18,22.729999542236328,22.670000076293945,22.729999542236328,22.680999755859375,12600.0,22.680999755859375
2022-04-19,22.6299991607666,22.54400062561035,22.600000381469727,22.54400062561035,15700.0,22.54400062561035
2022-04-20,22.68000030517578,22.149999618530273,22.628000259399414,22.676000595092773,61700.0,22.676000595092773
2022-04-21,22.6200008392334,22.503000259399414,22.610000610351562,22.530000686645508,142000.0,22.530000686645508
2022-04-22,22.59000015258789,22.520000457763672,22.523000717163086,22.520000457763672,29100.0,22.520000457763672
2022-04-25,22.700000762939453,22.6200008392334,22.6200008392334,22.645000457763672,20500.0,22.645000457763672
2022-04-26,22.719999313354492,22.65999984741211,22.700000762939453,22.69099998474121,14400.0,22.69099998474121
2022-04-27,22.704999923706055,22.6299991607666,22.68000030517578,22.635000228881836,8200.0,22.635000228881836
2022-04-28,22.600000381469727,22.540000915527344,22.579999923706055,22.584999084472656,9400.0,22.584999084472656
2022-04-29,22.6299991607666,22.479999542236328,22.479999542236328,22.514999389648438,2831100.0,22.514999389648438
2022-05-02,22.399999618530273,22.34000015258789,22.3799991607666,22.3700008392334,277500.0,22.3700008392334
2022-05-03,22.40999984741211,22.354999542236328,22.399999618530273,22.354999542236328,57600.0,22.354999542236328
2022-05-04,22.469999313354492,22.315000534057617,22.315000534057617,22.454999923706055,72000.0,22.454999923706055
2022-05-05,22.299999237060547,22.209999084472656,22.299999237060547,22.274999618530273,27500.0,22.274999618530273
2022-05-06,22.270000457763672,22.19499969482422,22.270000457763672,22.19499969482422,76400.0,22.19499969482422
2022-05-09,22.25,22.149999618530273,22.149999618530273,22.239999771118164,37800.0,22.239999771118164
2022-05-10,22.360000610351562,22.319000244140625,22.329999923706055,22.319000244140625,15000.0,22.319000244140625
2022-05-11,22.388999938964844,22.222000122070312,22.222000122070312,22.384000778198242,81900.0,22.384000778198242
2022-05-12,22.479999542236328,22.40999984741211,22.420000076293945,22.423999786376953,95900.0,22.423999786376953
2022-05-13,22.3799991607666,22.31999969482422,22.360000610351562,22.325000762939453,12500.0,22.325000762939453
2022-05-16,22.40999984741211,22.3439998626709,22.385000228881836,22.375,135700.0,22.375
2022-05-17,22.309999465942383,22.260000228881836,22.270000457763672,22.264999389648438,90800.0,22.264999389648438
2022-05-18,22.34000015258789,22.229999542236328,22.239999771118164,22.334999084472656,20900.0,22.334999084472656
2022-05-19,22.440000534057617,22.3700008392334,22.420000076293945,22.3700008392334,120400.0,22.3700008392334
2022-05-20,22.459999084472656,22.405000686645508,22.405000686645508,22.459999084472656,118300.0,22.459999084472656
2022-05-23,22.427000045776367,22.350000381469727,22.420000076293945,22.360000610351562,18700.0,22.360000610351562
2022-05-24,22.559999465942383,22.440000534057617,22.440000534057617,22.545000076293945,49100.0,22.545000076293945
2022-05-25,22.6200008392334,22.559999465942383,22.600000381469727,22.614999771118164,60200.0,22.614999771118164
2022-05-26,22.6299991607666,22.56999969482422,22.600000381469727,22.604999542236328,20100.0,22.604999542236328
2022-05-27,22.68899917602539,22.649999618530273,22.684999465942383,22.667999267578125,89200.0,22.667999267578125
2022-05-31,22.559999465942383,22.5,22.547000885009766,22.5,586500.0,22.5
2022-06-01,22.530000686645508,22.395000457763672,22.520000457763672,22.426000595092773,7400.0,22.426000595092773
2022-06-02,22.4689998626709,22.40999984741211,22.459999084472656,22.450000762939453,292900.0,22.450000762939453
2022-06-03,22.43000030517578,22.399999618530273,22.399999618530273,22.405000686645508,14300.0,22.405000686645508
2022-06-06,22.354999542236328,22.290000915527344,22.354999542236328,22.295000076293945,64700.0,22.295000076293945
2022-06-07,22.389999389648438,22.340999603271484,22.360000610351562,22.354000091552734,21800.0,22.354000091552734
2022-06-08,22.336999893188477,22.280000686645508,22.31800079345703,22.280000686645508,10700.0,22.280000686645508
2022-06-09,22.290000915527344,22.25,22.28499984741211,22.270000457763672,9400.0,22.270000457763672
2022-06-10,22.190000534057617,22.06999969482422,22.190000534057617,22.10099983215332,13400.0,22.10099983215332
2022-06-13,21.889999389648438,21.718000411987305,21.8799991607666,21.760000228881836,129800.0,21.760000228881836
2022-06-14,21.815000534057617,21.6299991607666,21.809999465942383,21.650999069213867,65700.0,21.650999069213867
2022-06-15,21.82699966430664,21.690000534057617,21.760000228881836,21.82699966430664,98200.0,21.82699966430664
2022-06-16,21.871000289916992,21.65999984741211,21.65999984741211,21.871000289916992,34100.0,21.871000289916992
2022-06-17,21.90999984741211,21.812999725341797,21.8799991607666,21.8700008392334,13667800.0,21.8700008392334
2022-06-21,21.850000381469727,21.790000915527344,21.8439998626709,21.797000885009766,3803300.0,21.797000885009766
2022-06-22,21.989999771118164,21.951000213623047,21.989999771118164,21.97800064086914,102800.0,21.97800064086914
2022-06-23,22.1299991607666,22.041000366210938,22.110000610351562,22.049999237060547,205300.0,22.049999237060547
2022-06-24,22.042999267578125,22.0,22.042999267578125,22.0,44000.0,22.0
2022-06-27,21.959999084472656,21.899999618530273,21.90999984741211,21.899999618530273,31900.0,21.899999618530273
2022-06-28,21.929000854492188,21.900999069213867,21.920000076293945,21.924999237060547,69400.0,21.924999237060547
2022-06-29,22.030000686645508,21.950000762939453,21.950000762939453,22.030000686645508,70300.0,22.030000686645508
2022-06-30,22.170000076293945,22.1200008392334,22.128000259399414,22.135000228881836,1271200.0,22.135000228881836
2022-07-01,22.299999237060547,22.170000076293945,22.22100067138672,22.21500015258789,12900.0,22.21500015258789
2022-07-05,22.290000915527344,22.239999771118164,22.2549991607666,22.260000228881836,21000.0,22.260000228881836
2022-07-06,22.21500015258789,22.1200008392334,22.21500015258789,22.1299991607666,102500.0,22.1299991607666
2022-07-07,22.136999130249023,22.079999923706055,22.136999130249023,22.100000381469727,24300.0,22.100000381469727
2022-07-08,22.030000686645508,21.989999771118164,22.030000686645508,22.006999969482422,901400.0,22.006999969482422
2022-07-11,22.1299991607666,22.079999923706055,22.079999923706055,22.110000610351562,28400.0,22.110000610351562
2022-07-12,22.190000534057617,22.1200008392334,22.170000076293945,22.1200008392334,225800.0,22.1200008392334
2022-07-13,22.18000030517578,22.020000457763672,22.020000457763672,22.18000030517578,63800.0,22.18000030517578
2022-07-14,22.139999389648438,22.05500030517578,22.05500030517578,22.1200008392334,928500.0,22.1200008392334
2022-07-15,22.190000534057617,22.1299991607666,22.1299991607666,22.18000030517578,127300.0,22.18000030517578
2022-07-18,22.1200008392334,22.07699966430664,22.110000610351562,22.118000030517578,20900.0,22.118000030517578
2022-07-19,22.139999389648438,22.09000015258789,22.1299991607666,22.110000610351562,11600.0,22.110000610351562
2022-07-20,22.1200008392334,22.079999923706055,22.110000610351562,22.083999633789062,10300.0,22.083999633789062
2022-07-21,22.25,22.135000228881836,22.149999618530273,22.25,781300.0,22.25
2022-07-22,22.440000534057617,22.3700008392334,22.42799949645996,22.399999618530273,98400.0,22.399999618530273
2022-07-25,22.360000610351562,22.31999969482422,22.339000701904297,22.329999923706055,14000.0,22.329999923706055
2022-07-26,22.440000534057617,22.34000015258789,22.440000534057617,22.34000015258789,6200.0,22.34000015258789
2022-07-27,22.440000534057617,22.3799991607666,22.389999389648438,22.3799991607666,14000.0,22.3799991607666
2022-07-28,22.558000564575195,22.499000549316406,22.530000686645508,22.530000686645508,20800.0,22.530000686645508
2022-07-29,22.59000015258789,22.479999542236328,22.479999542236328,22.510000228881836,4353800.0,22.510000228881836
2022-08-01,22.604999542236328,22.559999465942383,22.559999465942383,22.604999542236328,136800.0,22.604999542236328
2022-08-02,22.628000259399414,22.39299964904785,22.628000259399414,22.405000686645508,30100.0,22.405000686645508
2022-08-03,22.472999572753906,22.30900001525879,22.368000030517578,22.472999572753906,21300.0,22.472999572753906
2022-08-04,22.530000686645508,22.479999542236328,22.514999389648438,22.52899932861328,268400.0,22.52899932861328
