Date,High,Low,Open,Close,Volume,Adj Close
2017-08-07,13.300000190734863,13.260000228881836,13.300000190734863,13.260000228881836,20600.0,11.47457218170166
2017-08-08,13.300000190734863,13.220000267028809,13.279999732971191,13.220000267028809,22900.0,11.439952850341797
2017-08-09,13.300000190734863,13.199999809265137,13.260000228881836,13.25,28300.0,11.465914726257324
2017-08-10,13.279999732971191,13.199999809265137,13.260000228881836,13.229999542236328,13200.0,11.44860553741455
2017-08-11,13.279999732971191,13.130000114440918,13.1899995803833,13.229999542236328,16000.0,11.485067367553711
2017-08-14,13.3100004196167,13.229999542236328,13.270000457763672,13.260000228881836,17800.0,11.511114120483398
2017-08-15,13.319999694824219,13.199999809265137,13.319999694824219,13.300000190734863,27500.0,11.545838356018066
2017-08-16,13.3100004196167,13.229999542236328,13.3100004196167,13.300000190734863,27400.0,11.545838356018066
2017-08-17,13.319999694824219,13.270000457763672,13.3100004196167,13.319999694824219,25300.0,11.563199996948242
2017-08-18,13.289999961853027,13.260000228881836,13.270000457763672,13.270000457763672,17300.0,11.519796371459961
2017-08-21,13.4399995803833,13.260000228881836,13.260000228881836,13.319999694824219,38900.0,11.563199996948242
2017-08-22,13.3100004196167,13.239999771118164,13.300000190734863,13.289999961853027,27000.0,11.537156105041504
2017-08-23,13.359999656677246,13.279999732971191,13.300000190734863,13.359999656677246,17900.0,11.597923278808594
2017-08-24,13.350000381469727,13.279999732971191,13.350000381469727,13.34000015258789,27000.0,11.580562591552734
2017-08-25,13.359999656677246,13.270000457763672,13.350000381469727,13.289999961853027,9600.0,11.537156105041504
2017-08-28,13.380000114440918,13.279999732971191,13.329999923706055,13.359999656677246,12700.0,11.597923278808594
2017-08-29,13.460000038146973,13.40999984741211,13.430000305175781,13.420000076293945,26000.0,11.650010108947754
2017-08-30,13.460000038146973,13.390000343322754,13.460000038146973,13.390000343322754,11300.0,11.623967170715332
2017-08-31,13.40999984741211,13.329999923706055,13.390000343322754,13.380000114440918,20200.0,11.615285873413086
2017-09-01,13.380000114440918,13.329999923706055,13.380000114440918,13.329999923706055,5900.0,11.571880340576172
2017-09-05,13.369999885559082,13.289999961853027,13.369999885559082,13.300000190734863,4700.0,11.545838356018066
2017-09-06,13.34000015258789,13.260000228881836,13.34000015258789,13.279999732971191,13600.0,11.528471946716309
2017-09-07,13.34000015258789,13.25,13.279999732971191,13.300000190734863,28100.0,11.545838356018066
2017-09-08,13.390000343322754,13.300000190734863,13.300000190734863,13.359999656677246,25800.0,11.597923278808594
2017-09-11,13.399999618530273,13.34000015258789,13.34000015258789,13.390000343322754,12000.0,11.623967170715332
2017-09-12,13.489999771118164,13.399999618530273,13.399999618530273,13.40999984741211,45200.0,11.641328811645508
2017-09-13,13.460000038146973,13.380000114440918,13.460000038146973,13.420000076293945,34100.0,11.650010108947754
2017-09-14,13.4399995803833,13.350000381469727,13.40999984741211,13.40999984741211,18600.0,11.675259590148926
2017-09-15,13.4399995803833,13.380000114440918,13.40999984741211,13.390000343322754,19900.0,11.657842636108398
2017-09-18,13.420000076293945,13.289999961853027,13.420000076293945,13.34000015258789,36000.0,11.614311218261719
2017-09-19,13.34000015258789,13.279999732971191,13.34000015258789,13.279999732971191,6900.0,11.562071800231934
2017-09-20,13.350000381469727,13.210000038146973,13.279999732971191,13.210000038146973,21000.0,11.501131057739258
2017-09-21,13.25,13.140000343322754,13.229999542236328,13.210000038146973,29500.0,11.501131057739258
2017-09-22,13.220000267028809,13.140000343322754,13.220000267028809,13.210000038146973,8900.0,11.501131057739258
2017-09-25,13.239999771118164,13.199999809265137,13.229999542236328,13.229999542236328,15200.0,11.518543243408203
2017-09-26,13.319999694824219,13.199999809265137,13.319999694824219,13.229999542236328,19500.0,11.518543243408203
2017-09-27,13.210000038146973,13.100000381469727,13.1899995803833,13.210000038146973,25400.0,11.501131057739258
2017-09-28,13.239999771118164,13.149999618530273,13.239999771118164,13.149999618530273,16800.0,11.448894500732422
2017-09-29,13.3100004196167,13.149999618530273,13.3100004196167,13.220000267028809,15600.0,11.50983715057373
2017-10-02,13.25,13.180000305175781,13.25,13.25,21300.0,11.535955429077148
2017-10-03,13.289999961853027,13.180000305175781,13.260000228881836,13.199999809265137,32800.0,11.492424964904785
2017-10-04,13.329999923706055,13.229999542236328,13.279999732971191,13.319999694824219,38500.0,11.596900939941406
2017-10-05,13.319999694824219,13.270000457763672,13.3100004196167,13.319999694824219,25200.0,11.596900939941406
2017-10-06,13.319999694824219,13.229999542236328,13.279999732971191,13.239999771118164,25800.0,11.52724552154541
2017-10-09,13.359999656677246,13.260000228881836,13.3100004196167,13.260000228881836,47900.0,11.544662475585938
2017-10-10,13.34000015258789,13.229999542236328,13.3100004196167,13.3100004196167,28800.0,11.588193893432617
2017-10-11,13.390000343322754,13.300000190734863,13.300000190734863,13.380000114440918,25900.0,11.649139404296875
2017-10-12,13.390000343322754,13.3100004196167,13.3100004196167,13.390000343322754,15000.0,11.691923141479492
2017-10-13,13.399999618530273,13.350000381469727,13.390000343322754,13.350000381469727,31400.0,11.65699291229248
2017-10-16,13.449999809265137,13.369999885559082,13.449999809265137,13.390000343322754,18100.0,11.691923141479492
2017-10-17,13.4399995803833,13.329999923706055,13.369999885559082,13.40999984741211,17000.0,11.70938777923584
2017-10-18,13.430000305175781,13.319999694824219,13.380000114440918,13.380000114440918,10600.0,11.68319320678711
2017-10-19,13.449999809265137,13.350000381469727,13.390000343322754,13.449999809265137,16900.0,11.744312286376953
2017-10-20,13.399999618530273,13.260000228881836,13.399999618530273,13.289999961853027,9000.0,11.60460376739502
2017-10-23,13.350000381469727,13.270000457763672,13.3100004196167,13.319999694824219,18300.0,11.630802154541016
2017-10-24,13.329999923706055,13.270000457763672,13.329999923706055,13.289999961853027,18500.0,11.60460376739502
2017-10-25,13.270000457763672,13.149999618530273,13.270000457763672,13.15999984741211,20400.0,11.49109172821045
2017-10-26,13.279999732971191,13.0600004196167,13.170000076293945,13.069999694824219,33700.0,11.412507057189941
2017-10-27,13.100000381469727,12.9399995803833,13.100000381469727,12.979999542236328,24600.0,11.333921432495117
2017-10-30,13.100000381469727,13.020000457763672,13.020000457763672,13.100000381469727,4500.0,11.438702583312988
2017-10-31,13.140000343322754,13.079999923706055,13.100000381469727,13.140000343322754,26200.0,11.473628044128418
2017-11-01,13.210000038146973,13.140000343322754,13.149999618530273,13.170000076293945,12500.0,11.499825477600098
2017-11-02,13.210000038146973,13.140000343322754,13.170000076293945,13.15999984741211,7300.0,11.49109172821045
2017-11-03,13.239999771118164,13.100000381469727,13.239999771118164,13.149999618530273,12900.0,11.482361793518066
2017-11-06,13.149999618530273,13.100000381469727,13.119999885559082,13.100000381469727,18200.0,11.438702583312988
2017-11-07,13.130000114440918,13.0600004196167,13.09000015258789,13.119999885559082,32100.0,11.456165313720703
2017-11-08,13.109999656677246,13.069999694824219,13.069999694824219,13.09000015258789,31100.0,11.429971694946289
2017-11-09,13.140000343322754,13.039999961853027,13.069999694824219,13.09000015258789,30600.0,11.429971694946289
2017-11-10,13.079999923706055,12.949999809265137,13.079999923706055,13.020000457763672,28500.0,11.368849754333496
2017-11-13,13.039999961853027,12.989999771118164,13.020000457763672,13.029999732971191,9200.0,11.377577781677246
2017-11-14,13.09000015258789,12.970000267028809,13.09000015258789,13.039999961853027,28600.0,11.420493125915527
2017-11-15,13.069999694824219,13.039999961853027,13.069999694824219,13.050000190734863,11200.0,11.429250717163086
2017-11-16,13.130000114440918,13.069999694824219,13.109999656677246,13.130000114440918,17000.0,11.499319076538086
2017-11-17,13.130000114440918,13.039999961853027,13.130000114440918,13.079999923706055,10900.0,11.455528259277344
2017-11-20,13.109999656677246,13.0,13.029999732971191,13.079999923706055,30100.0,11.455528259277344
2017-11-21,13.09000015258789,13.0,13.050000190734863,13.020000457763672,32400.0,11.40298080444336
2017-11-22,13.050000190734863,12.979999542236328,13.0,12.989999771118164,26400.0,11.376704216003418
2017-11-24,13.100000381469727,13.010000228881836,13.010000228881836,13.100000381469727,4500.0,11.473039627075195
2017-11-27,13.100000381469727,13.069999694824219,13.09000015258789,13.09000015258789,36500.0,11.464289665222168
2017-11-28,13.069999694824219,12.949999809265137,13.069999694824219,13.020000457763672,37700.0,11.40298080444336
2017-11-29,13.069999694824219,12.920000076293945,13.010000228881836,13.069999694824219,52200.0,11.446767807006836
2017-11-30,13.020000457763672,12.880000114440918,13.020000457763672,12.880000114440918,50900.0,11.280367851257324
2017-12-01,12.989999771118164,12.899999618530273,12.920000076293945,12.9399995803833,27800.0,11.332914352416992
2017-12-04,12.970000267028809,12.819999694824219,12.930000305175781,12.949999809265137,68200.0,11.341668128967285
2017-12-05,13.0,12.90999984741211,12.949999809265137,12.90999984741211,31400.0,11.30663776397705
2017-12-06,13.130000114440918,13.020000457763672,13.020000457763672,13.130000114440918,16200.0,11.499319076538086
2017-12-07,13.229999542236328,13.039999961853027,13.079999923706055,13.170000076293945,22700.0,11.534348487854004
2017-12-08,13.170000076293945,12.869999885559082,12.869999885559082,13.119999885559082,33100.0,11.490556716918945
2017-12-11,13.220000267028809,13.140000343322754,13.149999618530273,13.199999809265137,23800.0,11.56061840057373
2017-12-12,13.180000305175781,13.050000190734863,13.149999618530273,13.170000076293945,36900.0,11.534348487854004
2017-12-13,13.1899995803833,13.109999656677246,13.109999656677246,13.140000343322754,45400.0,11.508075714111328
2017-12-14,13.15999984741211,13.069999694824219,13.119999885559082,13.130000114440918,14400.0,11.531790733337402
2017-12-15,13.130000114440918,13.020000457763672,13.0600004196167,13.079999923706055,39100.0,11.487875938415527
2017-12-18,13.15999984741211,12.930000305175781,13.079999923706055,13.029999732971191,48100.0,11.44395923614502
2017-12-19,13.020000457763672,12.920000076293945,13.020000457763672,12.960000038146973,59300.0,11.382481575012207
2017-12-20,12.949999809265137,12.829999923706055,12.829999923706055,12.869999885559082,69800.0,11.303436279296875
2017-12-21,12.9399995803833,12.859999656677246,12.859999656677246,12.90999984741211,53600.0,11.338562965393066
2017-12-22,12.930000305175781,12.84000015258789,12.90999984741211,12.920000076293945,46000.0,11.3473482131958
2017-12-26,12.890000343322754,12.84000015258789,12.850000381469727,12.859999656677246,35200.0,11.294654846191406
2017-12-27,12.979999542236328,12.899999618530273,12.899999618530273,12.979999542236328,27900.0,11.40004825592041
2017-12-28,12.989999771118164,12.880000114440918,12.9399995803833,12.890000343322754,65300.0,11.321002006530762
2017-12-29,12.920000076293945,12.819999694824219,12.880000114440918,12.869999885559082,73400.0,11.303436279296875
2018-01-02,12.949999809265137,12.859999656677246,12.869999885559082,12.9399995803833,29000.0,11.36491584777832
2018-01-03,13.0600004196167,12.9399995803833,12.960000038146973,13.050000190734863,25200.0,11.461525917053223
2018-01-04,13.069999694824219,13.010000228881836,13.029999732971191,13.050000190734863,12100.0,11.461525917053223
2018-01-05,13.069999694824219,13.0,13.039999961853027,13.010000228881836,21100.0,11.42639446258545
2018-01-08,13.109999656677246,13.020000457763672,13.029999732971191,13.029999732971191,21200.0,11.44395923614502
2018-01-09,13.039999961853027,12.949999809265137,13.0,12.949999809265137,30100.0,11.373696327209473
2018-01-10,12.970000267028809,12.859999656677246,12.930000305175781,12.890000343322754,58800.0,11.321002006530762
2018-01-11,12.890000343322754,12.829999923706055,12.829999923706055,12.829999923706055,18600.0,11.30074405670166
2018-01-12,12.850000381469727,12.75,12.800000190734863,12.75,22200.0,11.230279922485352
2018-01-16,12.84000015258789,12.75,12.84000015258789,12.8100004196167,17000.0,11.283123970031738
2018-01-17,12.850000381469727,12.739999771118164,12.75,12.779999732971191,38500.0,11.256701469421387
2018-01-18,12.829999923706055,12.75,12.800000190734863,12.829999923706055,29000.0,11.30074405670166
2018-01-19,12.829999923706055,12.789999961853027,12.800000190734863,12.829999923706055,12500.0,11.30074405670166
2018-01-22,12.850000381469727,12.789999961853027,12.789999961853027,12.84000015258789,17800.0,11.309550285339355
2018-01-23,12.930000305175781,12.779999732971191,12.800000190734863,12.930000305175781,60500.0,11.388825416564941
2018-01-24,12.920000076293945,12.819999694824219,12.920000076293945,12.859999656677246,25600.0,11.327166557312012
2018-01-25,12.880000114440918,12.8100004196167,12.8100004196167,12.869999885559082,26200.0,11.335978507995605
2018-01-26,12.859999656677246,12.739999771118164,12.829999923706055,12.779999732971191,30000.0,11.256701469421387
2018-01-29,12.729999542236328,12.619999885559082,12.729999542236328,12.710000038146973,41200.0,11.195046424865723
2018-01-30,12.729999542236328,12.630000114440918,12.699999809265137,12.710000038146973,52100.0,11.195046424865723
2018-01-31,12.869999885559082,12.640000343322754,12.760000228881836,12.75,65000.0,11.230279922485352
2018-02-01,12.779999732971191,12.609999656677246,12.770000457763672,12.65999984741211,23900.0,11.151006698608398
2018-02-02,12.619999885559082,12.489999771118164,12.619999885559082,12.5600004196167,49800.0,11.062925338745117
2018-02-05,12.5,12.399999618530273,12.5,12.489999771118164,35900.0,11.001270294189453
2018-02-06,12.5,12.220000267028809,12.220000267028809,12.5,56500.0,11.010078430175781
2018-02-07,12.649999618530273,12.489999771118164,12.539999961853027,12.579999923706055,23300.0,11.080540657043457
2018-02-08,12.600000381469727,12.479999542236328,12.600000381469727,12.579999923706055,37400.0,11.080540657043457
2018-02-09,12.539999961853027,12.390000343322754,12.539999961853027,12.479999542236328,24900.0,10.992459297180176
2018-02-12,12.510000228881836,12.4399995803833,12.4399995803833,12.449999809265137,36800.0,10.966036796569824
2018-02-13,12.550000190734863,12.470000267028809,12.470000267028809,12.520000457763672,27600.0,11.027693748474121
2018-02-14,12.510000228881836,12.430000305175781,12.510000228881836,12.5,13600.0,11.04271125793457
2018-02-15,12.5,12.260000228881836,12.489999771118164,12.489999771118164,16800.0,11.033876419067383
2018-02-16,12.479999542236328,12.420000076293945,12.420000076293945,12.430000305175781,17400.0,10.980873107910156
2018-02-20,12.5,12.420000076293945,12.460000038146973,12.460000038146973,22200.0,11.007370948791504
2018-02-21,12.449999809265137,12.390000343322754,12.4399995803833,12.390000343322754,12100.0,10.945531845092773
2018-02-22,12.40999984741211,12.329999923706055,12.390000343322754,12.369999885559082,19300.0,10.927867889404297
2018-02-23,12.489999771118164,12.359999656677246,12.369999885559082,12.460000038146973,42500.0,11.007370948791504
2018-02-26,12.569999694824219,12.5,12.550000190734863,12.529999732971191,23500.0,11.069212913513184
2018-02-27,12.600000381469727,12.529999732971191,12.5600004196167,12.539999961853027,70100.0,11.078046798706055
2018-02-28,12.600000381469727,12.5,12.529999732971191,12.600000381469727,14100.0,11.13105583190918
2018-03-01,12.600000381469727,12.520000457763672,12.600000381469727,12.569999694824219,6300.0,11.104549407958984
2018-03-02,12.59000015258789,12.460000038146973,12.539999961853027,12.510000228881836,15800.0,11.051545143127441
2018-03-05,12.529999732971191,12.449999809265137,12.529999732971191,12.520000457763672,16500.0,11.060378074645996
2018-03-06,12.489999771118164,12.449999809265137,12.479999542236328,12.489999771118164,13300.0,11.033876419067383
2018-03-07,12.479999542236328,12.329999923706055,12.479999542236328,12.420000076293945,26300.0,10.97203540802002
2018-03-08,12.449999809265137,12.359999656677246,12.399999618530273,12.4399995803833,43300.0,10.989704132080078
2018-03-09,12.449999809265137,12.390000343322754,12.420000076293945,12.449999809265137,14900.0,10.998540878295898
2018-03-12,12.619999885559082,12.399999618530273,12.4399995803833,12.449999809265137,28800.0,10.998540878295898
2018-03-13,12.489999771118164,12.449999809265137,12.449999809265137,12.479999542236328,32800.0,11.025041580200195
2018-03-14,12.479999542236328,12.420000076293945,12.430000305175781,12.470000267028809,20500.0,11.046745300292969
2018-03-15,12.510000228881836,12.449999809265137,12.510000228881836,12.510000228881836,5100.0,11.08218002319336
2018-03-16,12.510000228881836,12.380000114440918,12.460000038146973,12.510000228881836,31900.0,11.08218002319336
2018-03-19,12.520000457763672,12.449999809265137,12.5,12.520000457763672,48000.0,11.091038703918457
2018-03-20,12.510000228881836,12.390000343322754,12.510000228881836,12.489999771118164,36200.0,11.064461708068848
2018-03-21,12.479999542236328,12.449999809265137,12.479999542236328,12.479999542236328,29500.0,11.05560302734375
2018-03-22,12.529999732971191,12.399999618530273,12.510000228881836,12.470000267028809,30500.0,11.046745300292969
2018-03-23,12.470000267028809,12.369999885559082,12.460000038146973,12.470000267028809,27500.0,11.046745300292969
2018-03-26,12.489999771118164,12.319999694824219,12.460000038146973,12.489999771118164,19000.0,11.064461708068848
2018-03-27,12.520000457763672,12.470000267028809,12.470000267028809,12.520000457763672,14700.0,11.091038703918457
2018-03-28,12.5600004196167,12.489999771118164,12.520000457763672,12.550000190734863,11800.0,11.117609024047852
2018-03-29,12.600000381469727,12.5,12.5,12.5600004196167,26300.0,11.126474380493164
2018-04-02,12.649999618530273,12.550000190734863,12.649999618530273,12.569999694824219,26700.0,11.135332107543945
2018-04-03,12.600000381469727,12.539999961853027,12.600000381469727,12.579999923706055,26300.0,11.144190788269043
2018-04-04,12.649999618530273,12.59000015258789,12.609999656677246,12.649999618530273,20000.0,11.206201553344727
2018-04-05,12.640000343322754,12.59000015258789,12.600000381469727,12.59000015258789,26100.0,11.15304946899414
2018-04-06,12.649999618530273,12.609999656677246,12.619999885559082,12.619999885559082,8900.0,11.179624557495117
2018-04-09,12.649999618530273,12.600000381469727,12.619999885559082,12.640000343322754,32500.0,11.197345733642578
2018-04-10,12.65999984741211,12.619999885559082,12.619999885559082,12.640000343322754,10500.0,11.197345733642578
2018-04-11,12.680000305175781,12.640000343322754,12.640000343322754,12.65999984741211,39300.0,11.215059280395508
2018-04-12,12.619999885559082,12.569999694824219,12.619999885559082,12.579999923706055,32100.0,11.174643516540527
2018-04-13,12.609999656677246,12.539999961853027,12.59000015258789,12.550000190734863,21600.0,11.147993087768555
2018-04-16,12.569999694824219,12.5,12.5600004196167,12.5,23900.0,11.103580474853516
2018-04-17,12.550000190734863,12.5,12.5,12.5,15500.0,11.103580474853516
2018-04-18,12.5,12.470000267028809,12.489999771118164,12.479999542236328,18400.0,11.0858154296875
2018-04-19,12.479999542236328,12.460000038146973,12.479999542236328,12.479999542236328,4400.0,11.0858154296875
2018-04-20,12.510000228881836,12.460000038146973,12.460000038146973,12.460000038146973,15200.0,11.068046569824219
2018-04-23,12.479999542236328,12.460000038146973,12.479999542236328,12.479999542236328,11100.0,11.0858154296875
2018-04-24,12.479999542236328,12.40999984741211,12.479999542236328,12.449999809265137,29100.0,11.05916976928711
2018-04-25,12.430000305175781,12.350000381469727,12.430000305175781,12.390000343322754,22100.0,11.005867004394531
2018-04-26,12.420000076293945,12.34000015258789,12.399999618530273,12.380000114440918,45800.0,10.996987342834473
2018-04-27,12.449999809265137,12.380000114440918,12.399999618530273,12.449999809265137,8700.0,11.05916976928711
2018-04-30,12.460000038146973,12.420000076293945,12.4399995803833,12.449999809265137,9700.0,11.05916976928711
2018-05-01,12.479999542236328,12.40999984741211,12.4399995803833,12.430000305175781,17300.0,11.041401863098145
2018-05-02,12.489999771118164,12.4399995803833,12.449999809265137,12.460000038146973,18600.0,11.068046569824219
2018-05-03,12.5,12.4399995803833,12.479999542236328,12.479999542236328,14400.0,11.0858154296875
2018-05-04,12.5,12.399999618530273,12.449999809265137,12.399999618530273,32000.0,11.014750480651855
2018-05-07,12.489999771118164,12.420000076293945,12.430000305175781,12.489999771118164,17000.0,11.094693183898926
2018-05-08,12.5,12.40999984741211,12.479999542236328,12.4399995803833,27600.0,11.050283432006836
2018-05-09,12.4399995803833,12.399999618530273,12.430000305175781,12.430000305175781,25000.0,11.041401863098145
2018-05-10,12.529999732971191,12.460000038146973,12.489999771118164,12.470000267028809,14000.0,11.07693099975586
2018-05-11,12.489999771118164,12.460000038146973,12.479999542236328,12.489999771118164,21200.0,11.094693183898926
2018-05-14,12.489999771118164,12.420000076293945,12.420000076293945,12.470000267028809,19700.0,11.107611656188965
2018-05-15,12.4399995803833,12.380000114440918,12.4399995803833,12.420000076293945,25400.0,11.063075065612793
2018-05-16,12.40999984741211,12.350000381469727,12.40999984741211,12.40999984741211,35800.0,11.054166793823242
2018-05-17,12.40999984741211,12.34000015258789,12.369999885559082,12.390000343322754,26200.0,11.036351203918457
2018-05-18,12.399999618530273,12.34000015258789,12.369999885559082,12.399999618530273,29900.0,11.045260429382324
2018-05-21,12.399999618530273,12.369999885559082,12.380000114440918,12.380000114440918,30200.0,11.027447700500488
2018-05-22,12.449999809265137,12.369999885559082,12.369999885559082,12.420000076293945,8500.0,11.063075065612793
2018-05-23,12.4399995803833,12.399999618530273,12.420000076293945,12.430000305175781,21400.0,11.071985244750977
2018-05-24,12.470000267028809,12.40999984741211,12.449999809265137,12.470000267028809,25700.0,11.107611656188965
2018-05-25,12.5,12.460000038146973,12.479999542236328,12.489999771118164,4900.0,11.125423431396484
2018-05-29,12.569999694824219,12.489999771118164,12.529999732971191,12.5600004196167,16800.0,11.18778133392334
2018-05-30,12.569999694824219,12.520000457763672,12.520000457763672,12.569999694824219,22200.0,11.196688652038574
2018-05-31,12.569999694824219,12.520000457763672,12.569999694824219,12.520000457763672,144700.0,11.152149200439453
2018-06-01,12.579999923706055,12.529999732971191,12.529999732971191,12.550000190734863,35700.0,11.17887020111084
2018-06-04,12.550000190734863,12.479999542236328,12.550000190734863,12.510000228881836,20900.0,11.143240928649902
2018-06-05,12.510000228881836,12.479999542236328,12.510000228881836,12.489999771118164,24300.0,11.125423431396484
2018-06-06,12.5,12.479999542236328,12.479999542236328,12.489999771118164,13700.0,11.125423431396484
2018-06-07,12.510000228881836,12.399999618530273,12.489999771118164,12.430000305175781,51700.0,11.071985244750977
2018-06-08,12.489999771118164,12.430000305175781,12.430000305175781,12.449999809265137,18300.0,11.089802742004395
2018-06-11,12.479999542236328,12.369999885559082,12.460000038146973,12.40999984741211,55800.0,11.054166793823242
2018-06-12,12.4399995803833,12.369999885559082,12.380000114440918,12.399999618530273,33700.0,11.045260429382324
2018-06-13,12.579999923706055,12.390000343322754,12.550000190734863,12.390000343322754,10800.0,11.036351203918457
2018-06-14,12.399999618530273,12.369999885559082,12.369999885559082,12.380000114440918,11100.0,11.056893348693848
2018-06-15,12.399999618530273,12.300000190734863,12.390000343322754,12.329999923706055,13700.0,11.012237548828125
2018-06-18,12.40999984741211,12.380000114440918,12.40999984741211,12.390000343322754,3600.0,11.065829277038574
2018-06-19,12.399999618530273,12.350000381469727,12.380000114440918,12.350000381469727,5300.0,11.030101776123047
2018-06-20,12.420000076293945,12.359999656677246,12.399999618530273,12.420000076293945,40800.0,11.092619895935059
2018-06-21,12.479999542236328,12.380000114440918,12.380000114440918,12.479999542236328,12000.0,11.14620590209961
2018-06-22,12.579999923706055,12.430000305175781,12.470000267028809,12.569999694824219,23600.0,11.22658920288086
2018-06-25,12.5600004196167,12.520000457763672,12.539999961853027,12.550000190734863,16900.0,11.208723068237305
2018-06-26,12.529999732971191,12.489999771118164,12.510000228881836,12.489999771118164,12700.0,11.155137062072754
2018-06-27,12.539999961853027,12.470000267028809,12.479999542236328,12.470000267028809,50300.0,11.137273788452148
2018-06-28,12.539999961853027,12.489999771118164,12.5,12.510000228881836,22400.0,11.17300033569336
2018-06-29,12.569999694824219,12.529999732971191,12.529999732971191,12.569999694824219,11300.0,11.22658920288086
2018-07-02,12.600000381469727,12.529999732971191,12.569999694824219,12.539999961853027,20200.0,11.19979476928711
2018-07-03,12.59000015258789,12.529999732971191,12.5600004196167,12.539999961853027,6700.0,11.19979476928711
2018-07-05,12.569999694824219,12.489999771118164,12.5,12.529999732971191,26000.0,11.190862655639648
2018-07-06,12.550000190734863,12.5,12.550000190734863,12.5,44700.0,11.164071083068848
2018-07-09,12.520000457763672,12.489999771118164,12.5,12.510000228881836,32500.0,11.17300033569336
2018-07-10,12.539999961853027,12.4399995803833,12.5,12.460000038146973,20000.0,11.12834358215332
2018-07-11,12.479999542236328,12.420000076293945,12.449999809265137,12.4399995803833,31000.0,11.11048412322998
2018-07-12,12.420000076293945,12.350000381469727,12.369999885559082,12.399999618530273,49400.0,11.104211807250977
2018-07-13,12.5600004196167,12.399999618530273,12.399999618530273,12.4399995803833,9300.0,11.140033721923828
2018-07-16,12.5,12.430000305175781,12.430000305175781,12.470000267028809,5200.0,11.166898727416992
2018-07-17,12.5600004196167,12.470000267028809,12.479999542236328,12.489999771118164,13700.0,11.184810638427734
2018-07-18,12.529999732971191,12.479999542236328,12.479999542236328,12.510000228881836,12300.0,11.202717781066895
2018-07-19,12.529999732971191,12.489999771118164,12.529999732971191,12.520000457763672,5000.0,11.211675643920898
2018-07-20,12.569999694824219,12.460000038146973,12.460000038146973,12.529999732971191,29000.0,11.220625877380371
2018-07-23,12.550000190734863,12.5,12.539999961853027,12.550000190734863,45900.0,11.23853874206543
2018-07-24,12.5600004196167,12.529999732971191,12.5600004196167,12.539999961853027,12600.0,11.229582786560059
2018-07-25,12.569999694824219,12.5,12.520000457763672,12.539999961853027,3100.0,11.229582786560059
2018-07-26,12.550000190734863,12.470000267028809,12.470000267028809,12.520000457763672,67900.0,11.211675643920898
2018-07-27,12.600000381469727,12.520000457763672,12.520000457763672,12.529999732971191,14000.0,11.220625877380371
2018-07-30,12.600000381469727,12.520000457763672,12.539999961853027,12.579999923706055,14200.0,11.265403747558594
2018-07-31,12.579999923706055,12.460000038146973,12.569999694824219,12.460000038146973,24500.0,11.157942771911621
2018-08-01,12.529999732971191,12.479999542236328,12.479999542236328,12.5,33500.0,11.193765640258789
2018-08-02,12.520000457763672,12.479999542236328,12.510000228881836,12.510000228881836,11900.0,11.202717781066895
2018-08-03,12.539999961853027,12.5,12.5,12.520000457763672,10100.0,11.211675643920898
2018-08-06,12.5600004196167,12.510000228881836,12.510000228881836,12.529999732971191,10000.0,11.220625877380371
2018-08-07,12.600000381469727,12.5,12.520000457763672,12.5600004196167,17000.0,11.247493743896484
2018-08-08,12.600000381469727,12.539999961853027,12.550000190734863,12.5600004196167,12800.0,11.247493743896484
2018-08-09,12.600000381469727,12.510000228881836,12.5600004196167,12.520000457763672,8500.0,11.211675643920898
2018-08-10,12.520000457763672,12.5,12.510000228881836,12.5,4200.0,11.193765640258789
2018-08-13,12.510000228881836,12.449999809265137,12.5,12.470000267028809,11900.0,11.166898727416992
2018-08-14,12.5,12.470000267028809,12.5,12.5,21600.0,11.223464965820312
2018-08-15,12.5600004196167,12.470000267028809,12.5,12.529999732971191,26100.0,11.250397682189941
2018-08-16,12.569999694824219,12.489999771118164,12.489999771118164,12.569999694824219,15200.0,11.286314010620117
2018-08-17,12.529999732971191,12.489999771118164,12.520000457763672,12.529999732971191,34700.0,11.250397682189941
2018-08-20,12.59000015258789,12.510000228881836,12.510000228881836,12.59000015258789,10300.0,11.30427074432373
2018-08-21,12.59000015258789,12.529999732971191,12.5600004196167,12.59000015258789,5800.0,11.30427074432373
2018-08-22,12.59000015258789,12.529999732971191,12.550000190734863,12.529999732971191,10200.0,11.250397682189941
2018-08-23,12.600000381469727,12.520000457763672,12.529999732971191,12.529999732971191,8600.0,11.250397682189941
2018-08-24,12.59000015258789,12.5,12.59000015258789,12.5,19400.0,11.223464965820312
2018-08-27,12.550000190734863,12.510000228881836,12.510000228881836,12.510000228881836,3500.0,11.232441902160645
2018-08-28,12.539999961853027,12.460000038146973,12.5,12.460000038146973,37700.0,11.18754768371582
2018-08-29,12.529999732971191,12.449999809265137,12.449999809265137,12.529999732971191,18200.0,11.250397682189941
2018-08-30,12.609999656677246,12.5600004196167,12.609999656677246,12.59000015258789,7300.0,11.30427074432373
2018-08-31,12.5600004196167,12.529999732971191,12.539999961853027,12.5600004196167,10200.0,11.277338027954102
2018-09-04,12.649999618530273,12.5600004196167,12.609999656677246,12.59000015258789,23300.0,11.30427074432373
2018-09-05,12.59000015258789,12.449999809265137,12.59000015258789,12.489999771118164,33300.0,11.214487075805664
2018-09-06,12.489999771118164,12.449999809265137,12.449999809265137,12.449999809265137,11500.0,11.178569793701172
2018-09-07,12.470000267028809,12.4399995803833,12.449999809265137,12.4399995803833,4000.0,11.169591903686523
2018-09-10,12.5,12.40999984741211,12.5,12.479999542236328,12600.0,11.20550537109375
2018-09-11,12.510000228881836,12.420000076293945,12.489999771118164,12.470000267028809,20500.0,11.196527481079102
2018-09-12,12.479999542236328,12.390000343322754,12.460000038146973,12.40999984741211,44400.0,11.142653465270996
2018-09-13,12.430000305175781,12.329999923706055,12.329999923706055,12.390000343322754,50100.0,11.151206016540527
2018-09-14,12.619999885559082,12.350000381469727,12.369999885559082,12.539999961853027,210300.0,11.286208152770996
2018-09-17,12.510000228881836,12.420000076293945,12.479999542236328,12.5,29900.0,11.250208854675293
2018-09-18,12.470000267028809,12.3100004196167,12.399999618530273,12.369999885559082,48700.0,11.133206367492676
2018-09-19,12.430000305175781,12.319999694824219,12.350000381469727,12.350000381469727,27500.0,11.115206718444824
2018-09-20,12.390000343322754,12.289999961853027,12.34000015258789,12.359999656677246,43300.0,11.1242036819458
2018-09-21,12.539999961853027,12.210000038146973,12.319999694824219,12.529999732971191,48100.0,11.277207374572754
2018-09-24,12.4399995803833,12.279999732971191,12.4399995803833,12.34000015258789,20800.0,11.106204986572266
2018-09-25,12.369999885559082,12.199999809265137,12.300000190734863,12.199999809265137,31000.0,10.980201721191406
2018-09-26,12.289999961853027,12.170000076293945,12.220000267028809,12.279999732971191,49900.0,11.052204132080078
2018-09-27,12.289999961853027,12.239999771118164,12.25,12.279999732971191,18600.0,11.052204132080078
2018-09-28,12.3100004196167,12.25,12.260000228881836,12.3100004196167,23800.0,11.079206466674805
2018-10-01,12.329999923706055,12.220000267028809,12.329999923706055,12.220000267028809,71100.0,10.998202323913574
2018-10-02,12.539999961853027,12.1899995803833,12.229999542236328,12.319999694824219,57600.0,11.088202476501465
2018-10-03,12.270000457763672,12.140000343322754,12.270000457763672,12.140000343322754,35500.0,10.926202774047852
2018-10-04,12.180000305175781,12.039999961853027,12.100000381469727,12.039999961853027,61600.0,10.836199760437012
2018-10-05,12.15999984741211,11.8100004196167,11.949999809265137,12.130000114440918,60200.0,10.917201042175293
2018-10-08,12.329999923706055,12.100000381469727,12.15999984741211,12.289999961853027,18100.0,11.061203002929688
2018-10-09,12.300000190734863,12.180000305175781,12.300000190734863,12.220000267028809,45000.0,10.998202323913574
2018-10-10,12.170000076293945,12.100000381469727,12.170000076293945,12.149999618530273,34100.0,10.935203552246094
2018-10-11,12.260000228881836,12.079999923706055,12.25,12.220000267028809,36400.0,10.998202323913574
2018-10-12,12.229999542236328,12.119999885559082,12.140000343322754,12.140000343322754,38400.0,10.952642440795898
2018-10-15,12.300000190734863,12.079999923706055,12.109999656677246,12.300000190734863,13500.0,11.096992492675781
2018-10-16,12.260000228881836,12.149999618530273,12.239999771118164,12.180000305175781,25700.0,10.988731384277344
2018-10-17,12.1899995803833,12.079999923706055,12.15999984741211,12.119999885559082,18800.0,10.934596061706543
2018-10-18,12.15999984741211,12.020000457763672,12.15999984741211,12.020000457763672,18300.0,10.844377517700195
2018-10-19,12.039999961853027,11.920000076293945,12.010000228881836,11.970000267028809,16600.0,10.799266815185547
2018-10-22,11.989999771118164,11.880000114440918,11.9399995803833,11.989999771118164,30100.0,10.817312240600586
2018-10-23,12.029999732971191,11.949999809265137,11.970000267028809,12.010000228881836,9700.0,10.83535385131836
2018-10-24,12.079999923706055,12.029999732971191,12.039999961853027,12.029999732971191,14500.0,10.853400230407715
2018-10-25,12.029999732971191,11.989999771118164,12.020000457763672,11.989999771118164,11500.0,10.817312240600586
2018-10-26,12.020000457763672,11.989999771118164,12.0,12.020000457763672,9400.0,10.844377517700195
2018-10-29,12.039999961853027,11.960000038146973,11.960000038146973,12.020000457763672,18700.0,10.844377517700195
2018-10-30,12.069999694824219,11.949999809265137,12.069999694824219,12.0,37000.0,10.826334953308105
2018-10-31,12.029999732971191,11.970000267028809,11.989999771118164,12.0,15200.0,10.826334953308105
2018-11-01,12.119999885559082,11.979999542236328,12.119999885559082,12.0600004196167,13000.0,10.88046646118164
2018-11-02,12.039999961853027,11.989999771118164,12.039999961853027,11.989999771118164,38500.0,10.817312240600586
2018-11-05,12.039999961853027,12.0,12.0,12.0,25000.0,10.826334953308105
2018-11-06,12.039999961853027,11.890000343322754,11.979999542236328,11.930000305175781,27600.0,10.76318645477295
2018-11-07,12.029999732971191,11.949999809265137,11.970000267028809,12.029999732971191,23600.0,10.853400230407715
2018-11-08,12.069999694824219,11.989999771118164,11.989999771118164,12.050000190734863,46000.0,10.871443748474121
2018-11-09,12.100000381469727,11.970000267028809,12.069999694824219,12.079999923706055,56600.0,10.898509979248047
2018-11-12,12.09000015258789,12.039999961853027,12.039999961853027,12.069999694824219,29900.0,10.889488220214844
2018-11-13,12.130000114440918,12.050000190734863,12.050000190734863,12.09000015258789,35100.0,10.907532691955566
2018-11-14,12.140000343322754,12.0600004196167,12.119999885559082,12.069999694824219,26100.0,10.916122436523438
2018-11-15,12.100000381469727,12.029999732971191,12.069999694824219,12.0600004196167,63400.0,10.907078742980957
2018-11-16,12.100000381469727,12.029999732971191,12.069999694824219,12.0600004196167,35100.0,10.907078742980957
2018-11-19,12.109999656677246,12.039999961853027,12.0600004196167,12.079999923706055,58500.0,10.92516803741455
2018-11-20,12.100000381469727,12.039999961853027,12.09000015258789,12.039999961853027,61100.0,10.888989448547363
2018-11-21,12.149999618530273,12.050000190734863,12.079999923706055,12.100000381469727,46500.0,10.943255424499512
2018-11-23,12.3100004196167,12.100000381469727,12.100000381469727,12.119999885559082,16700.0,10.961342811584473
2018-11-26,12.229999542236328,12.130000114440918,12.130000114440918,12.229999542236328,14500.0,11.06082820892334
2018-11-27,12.289999961853027,12.170000076293945,12.220000267028809,12.270000457763672,31600.0,11.097003936767578
2018-11-28,12.289999961853027,12.1899995803833,12.199999809265137,12.239999771118164,57200.0,11.069870948791504
2018-11-29,12.350000381469727,12.229999542236328,12.239999771118164,12.25,54200.0,11.078913688659668
2018-11-30,12.319999694824219,12.229999542236328,12.260000228881836,12.270000457763672,45700.0,11.097003936767578
2018-12-03,12.319999694824219,12.270000457763672,12.270000457763672,12.270000457763672,11300.0,11.097003936767578
2018-12-04,12.34000015258789,12.279999732971191,12.279999732971191,12.329999923706055,72000.0,11.151268005371094
2018-12-06,12.399999618530273,12.34000015258789,12.350000381469727,12.390000343322754,74400.0,11.205533027648926
2018-12-07,12.489999771118164,12.369999885559082,12.369999885559082,12.430000305175781,29400.0,11.241708755493164
2018-12-10,12.489999771118164,12.420000076293945,12.420000076293945,12.430000305175781,36500.0,11.241708755493164
2018-12-11,12.460000038146973,12.390000343322754,12.449999809265137,12.40999984741211,29000.0,11.22361946105957
2018-12-12,12.430000305175781,12.34000015258789,12.359999656677246,12.359999656677246,62600.0,11.178398132324219
2018-12-13,12.380000114440918,12.329999923706055,12.359999656677246,12.329999923706055,32800.0,11.177948951721191
2018-12-14,12.359999656677246,12.300000190734863,12.319999694824219,12.359999656677246,91800.0,11.205142974853516
2018-12-17,12.369999885559082,12.300000190734863,12.3100004196167,12.300000190734863,15400.0,11.150750160217285
2018-12-18,12.5,12.25,12.25,12.399999618530273,89500.0,11.241408348083496
2018-12-19,12.449999809265137,12.300000190734863,12.34000015258789,12.300000190734863,82600.0,11.150750160217285
2018-12-20,12.390000343322754,12.25,12.319999694824219,12.25,58200.0,11.10541820526123
2018-12-21,12.399999618530273,12.239999771118164,12.260000228881836,12.239999771118164,69700.0,11.096355438232422
2018-12-24,12.369999885559082,12.229999542236328,12.289999961853027,12.25,48500.0,11.10541820526123
2018-12-26,12.390000343322754,12.25,12.369999885559082,12.329999923706055,81400.0,11.177948951721191
2018-12-27,12.369999885559082,12.300000190734863,12.369999885559082,12.3100004196167,58000.0,11.15981388092041
2018-12-28,12.369999885559082,12.3100004196167,12.319999694824219,12.350000381469727,54000.0,11.196078300476074
2018-12-31,12.479999542236328,12.350000381469727,12.430000305175781,12.350000381469727,39000.0,11.196078300476074
2019-01-02,12.529999732971191,12.359999656677246,12.359999656677246,12.520000457763672,18900.0,11.350193977355957
2019-01-03,12.600000381469727,12.5,12.5,12.520000457763672,22900.0,11.350193977355957
2019-01-04,12.539999961853027,12.460000038146973,12.5,12.460000038146973,30700.0,11.295801162719727
2019-01-07,12.609999656677246,12.5,12.510000228881836,12.609999656677246,20900.0,11.431784629821777
2019-01-08,12.670000076293945,12.609999656677246,12.609999656677246,12.649999618530273,102100.0,11.468047142028809
2019-01-09,12.649999618530273,12.569999694824219,12.630000114440918,12.579999923706055,116600.0,11.404587745666504
2019-01-10,12.649999618530273,12.550000190734863,12.609999656677246,12.619999885559082,202100.0,11.440850257873535
2019-01-11,12.670000076293945,12.600000381469727,12.600000381469727,12.640000343322754,65600.0,11.458983421325684
2019-01-14,12.680000305175781,12.609999656677246,12.670000076293945,12.680000305175781,12900.0,11.522135734558105
2019-01-15,12.6899995803833,12.649999618530273,12.649999618530273,12.65999984741211,30200.0,11.503961563110352
2019-01-16,12.699999809265137,12.630000114440918,12.65999984741211,12.699999809265137,11900.0,11.540307998657227
2019-01-17,12.699999809265137,12.619999885559082,12.670000076293945,12.619999885559082,52600.0,11.467615127563477
2019-01-18,12.6899995803833,12.619999885559082,12.630000114440918,12.619999885559082,22400.0,11.467615127563477
2019-01-22,12.65999984741211,12.619999885559082,12.630000114440918,12.65999984741211,22500.0,11.503961563110352
2019-01-23,12.710000038146973,12.649999618530273,12.65999984741211,12.710000038146973,25400.0,11.549394607543945
2019-01-24,12.770000457763672,12.6899995803833,12.729999542236328,12.729999542236328,17700.0,11.5675687789917
2019-01-25,12.75,12.699999809265137,12.729999542236328,12.699999809265137,16300.0,11.540307998657227
2019-01-28,12.720000267028809,12.649999618530273,12.710000038146973,12.649999618530273,40600.0,11.494874954223633
2019-01-29,12.739999771118164,12.65999984741211,12.670000076293945,12.6899995803833,23700.0,11.531222343444824
2019-01-30,12.729999542236328,12.65999984741211,12.65999984741211,12.699999809265137,17500.0,11.540307998657227
2019-01-31,12.770000457763672,12.699999809265137,12.720000267028809,12.729999542236328,51300.0,11.5675687789917
2019-02-01,12.779999732971191,12.710000038146973,12.75,12.739999771118164,44200.0,11.576656341552734
2019-02-04,12.75,12.720000267028809,12.729999542236328,12.729999542236328,22400.0,11.5675687789917
2019-02-05,12.729999542236328,12.720000267028809,12.720000267028809,12.720000267028809,18100.0,11.558483123779297
2019-02-06,12.760000228881836,12.720000267028809,12.720000267028809,12.729999542236328,21900.0,11.5675687789917
2019-02-07,12.779999732971191,12.729999542236328,12.739999771118164,12.75,16800.0,11.585742950439453
2019-02-08,12.789999961853027,12.75,12.75,12.770000457763672,49900.0,11.603918075561523
2019-02-11,12.800000190734863,12.760000228881836,12.779999732971191,12.800000190734863,23400.0,11.63117790222168
2019-02-12,12.800000190734863,12.779999732971191,12.789999961853027,12.779999732971191,26500.0,11.613006591796875
2019-02-13,12.800000190734863,12.770000457763672,12.770000457763672,12.800000190734863,48100.0,11.63117790222168
2019-02-14,12.819999694824219,12.770000457763672,12.819999694824219,12.800000190734863,43200.0,11.658045768737793
2019-02-15,12.789999961853027,12.699999809265137,12.789999961853027,12.710000038146973,51000.0,11.57607364654541
2019-02-19,12.819999694824219,12.699999809265137,12.699999809265137,12.760000228881836,43300.0,11.62161636352539
2019-02-20,12.770000457763672,12.710000038146973,12.770000457763672,12.720000267028809,31300.0,11.585183143615723
2019-02-21,12.779999732971191,12.6899995803833,12.720000267028809,12.779999732971191,70300.0,11.639827728271484
2019-02-22,12.819999694824219,12.75,12.789999961853027,12.789999961853027,28600.0,11.64893913269043
2019-02-25,12.829999923706055,12.770000457763672,12.779999732971191,12.800000190734863,36800.0,11.658045768737793
2019-02-26,12.850000381469727,12.800000190734863,12.819999694824219,12.819999694824219,66400.0,11.676260948181152
2019-02-27,12.829999923706055,12.800000190734863,12.800000190734863,12.800000190734863,40800.0,11.658045768737793
2019-02-28,12.850000381469727,12.800000190734863,12.800000190734863,12.829999923706055,17300.0,11.685370445251465
2019-03-01,12.859999656677246,12.8100004196167,12.84000015258789,12.8100004196167,55200.0,11.667157173156738
2019-03-04,12.899999618530273,12.819999694824219,12.819999694824219,12.890000343322754,15400.0,11.74001693725586
2019-03-05,12.899999618530273,12.859999656677246,12.880000114440918,12.869999885559082,8400.0,11.721802711486816
2019-03-06,12.890000343322754,12.84000015258789,12.84000015258789,12.869999885559082,17800.0,11.721802711486816
2019-03-07,12.9399995803833,12.850000381469727,12.850000381469727,12.899999618530273,25100.0,11.749123573303223
2019-03-08,12.899999618530273,12.859999656677246,12.899999618530273,12.859999656677246,26600.0,11.712691307067871
2019-03-11,12.890000343322754,12.850000381469727,12.859999656677246,12.869999885559082,20200.0,11.721802711486816
2019-03-12,12.880000114440918,12.850000381469727,12.869999885559082,12.859999656677246,49100.0,11.712691307067871
2019-03-13,12.899999618530273,12.850000381469727,12.850000381469727,12.899999618530273,74400.0,11.749123573303223
2019-03-14,12.890000343322754,12.829999923706055,12.859999656677246,12.829999923706055,41700.0,11.714428901672363
2019-03-15,12.890000343322754,12.8100004196167,12.829999923706055,12.850000381469727,50900.0,11.732690811157227
2019-03-18,12.899999618530273,12.819999694824219,12.899999618530273,12.84000015258789,31900.0,11.72355842590332
2019-03-19,12.899999618530273,12.84000015258789,12.84000015258789,12.890000343322754,21000.0,11.769213676452637
2019-03-20,12.970000267028809,12.890000343322754,12.890000343322754,12.970000267028809,31700.0,11.842256546020508
2019-03-21,12.979999542236328,12.869999885559082,12.9399995803833,12.920000076293945,38600.0,11.796603202819824
2019-03-22,12.989999771118164,12.930000305175781,12.930000305175781,12.949999809265137,28400.0,11.823995590209961
2019-03-25,12.989999771118164,12.949999809265137,12.979999542236328,12.979999542236328,26000.0,11.851385116577148
2019-03-26,13.039999961853027,12.960000038146973,13.0,13.039999961853027,27600.0,11.906168937683105
2019-03-27,13.0600004196167,13.0,13.010000228881836,13.029999732971191,17900.0,11.897039413452148
2019-03-28,13.079999923706055,13.0,13.029999732971191,13.050000190734863,42500.0,11.915299415588379
2019-03-29,13.09000015258789,12.989999771118164,13.039999961853027,13.079999923706055,21000.0,11.9426908493042
2019-04-01,13.100000381469727,13.050000190734863,13.100000381469727,13.079999923706055,11100.0,11.9426908493042
2019-04-02,13.100000381469727,12.850000381469727,12.850000381469727,13.079999923706055,23500.0,11.9426908493042
2019-04-03,13.09000015258789,13.0600004196167,13.079999923706055,13.09000015258789,32400.0,11.951821327209473
2019-04-04,13.100000381469727,13.039999961853027,13.069999694824219,13.039999961853027,16300.0,11.906168937683105
2019-04-05,13.0600004196167,13.0,13.020000457763672,13.029999732971191,49000.0,11.897039413452148
2019-04-08,13.079999923706055,13.010000228881836,13.010000228881836,13.079999923706055,12300.0,11.9426908493042
2019-04-09,13.079999923706055,13.029999732971191,13.050000190734863,13.029999732971191,37700.0,11.897039413452148
2019-04-10,13.069999694824219,13.010000228881836,13.039999961853027,13.050000190734863,15800.0,11.915299415588379
2019-04-11,13.039999961853027,13.0,13.0,13.020000457763672,55400.0,11.887908935546875
2019-04-12,12.960000038146973,12.920000076293945,12.920000076293945,12.930000305175781,60300.0,11.834822654724121
2019-04-15,12.970000267028809,12.899999618530273,12.899999618530273,12.9399995803833,15000.0,11.843975067138672
2019-04-16,12.989999771118164,12.890000343322754,12.960000038146973,12.899999618530273,17700.0,11.807361602783203
2019-04-17,12.920000076293945,12.880000114440918,12.90999984741211,12.90999984741211,13500.0,11.816513061523438
2019-04-18,12.920000076293945,12.890000343322754,12.90999984741211,12.890000343322754,26700.0,11.798208236694336
2019-04-22,12.930000305175781,12.890000343322754,12.890000343322754,12.890000343322754,64900.0,11.798208236694336
2019-04-23,12.949999809265137,12.899999618530273,12.899999618530273,12.90999984741211,18900.0,11.816513061523438
2019-04-24,12.979999542236328,12.920000076293945,12.930000305175781,12.949999809265137,15400.0,11.85312557220459
2019-04-25,13.0,12.949999809265137,12.949999809265137,12.960000038146973,17700.0,11.862279891967773
2019-04-26,13.029999732971191,12.960000038146973,12.970000267028809,12.960000038146973,26900.0,11.862279891967773
2019-04-29,13.010000228881836,12.960000038146973,12.970000267028809,12.979999542236328,16300.0,11.880584716796875
2019-04-30,13.010000228881836,12.949999809265137,12.970000267028809,12.960000038146973,40500.0,11.862279891967773
2019-05-01,13.020000457763672,12.979999542236328,12.989999771118164,13.0,18300.0,11.89888858795166
2019-05-02,13.029999732971191,12.989999771118164,13.0,13.010000228881836,22500.0,11.908045768737793
2019-05-03,13.079999923706055,13.020000457763672,13.039999961853027,13.039999961853027,21000.0,11.935503959655762
2019-05-06,13.079999923706055,13.039999961853027,13.039999961853027,13.079999923706055,15100.0,11.972114562988281
2019-05-07,13.140000343322754,13.0600004196167,13.079999923706055,13.130000114440918,72300.0,12.017879486083984
2019-05-08,13.149999618530273,13.130000114440918,13.140000343322754,13.130000114440918,19700.0,12.017879486083984
2019-05-09,13.199999809265137,13.100000381469727,13.199999809265137,13.149999618530273,21400.0,12.03618335723877
2019-05-10,13.170000076293945,13.109999656677246,13.149999618530273,13.149999618530273,19400.0,12.03618335723877
2019-05-13,13.220000267028809,13.130000114440918,13.140000343322754,13.220000267028809,24900.0,12.100259780883789
2019-05-14,13.199999809265137,13.15999984741211,13.199999809265137,13.180000305175781,23400.0,12.092917442321777
2019-05-15,13.229999542236328,13.170000076293945,13.199999809265137,13.170000076293945,15500.0,12.083744049072266
2019-05-16,13.229999542236328,13.140000343322754,13.170000076293945,13.15999984741211,44000.0,12.074568748474121
2019-05-17,13.229999542236328,13.15999984741211,13.15999984741211,13.170000076293945,6500.0,12.083744049072266
2019-05-20,13.239999771118164,13.170000076293945,13.180000305175781,13.1899995803833,24300.0,12.102091789245605
2019-05-21,13.1899995803833,13.100000381469727,13.180000305175781,13.170000076293945,70000.0,12.083744049072266
2019-05-22,13.1899995803833,13.170000076293945,13.180000305175781,13.180000305175781,13500.0,12.092917442321777
2019-05-23,13.220000267028809,13.140000343322754,13.1899995803833,13.180000305175781,26700.0,12.092917442321777
2019-05-24,13.1899995803833,13.140000343322754,13.180000305175781,13.170000076293945,21400.0,12.083744049072266
2019-05-28,13.25,13.170000076293945,13.229999542236328,13.170000076293945,12800.0,12.083744049072266
2019-05-29,13.270000457763672,13.170000076293945,13.1899995803833,13.170000076293945,32800.0,12.083744049072266
2019-05-30,13.220000267028809,13.149999618530273,13.149999618530273,13.210000038146973,29700.0,12.12044620513916
2019-05-31,13.260000228881836,13.1899995803833,13.210000038146973,13.260000228881836,20100.0,12.166319847106934
2019-06-03,13.279999732971191,13.229999542236328,13.239999771118164,13.270000457763672,17300.0,12.175496101379395
2019-06-04,13.279999732971191,13.149999618530273,13.260000228881836,13.220000267028809,50600.0,12.129619598388672
2019-06-05,13.239999771118164,13.199999809265137,13.210000038146973,13.220000267028809,24400.0,12.129619598388672
2019-06-06,13.220000267028809,13.15999984741211,13.220000267028809,13.180000305175781,62800.0,12.092917442321777
2019-06-07,13.260000228881836,13.199999809265137,13.199999809265137,13.220000267028809,42300.0,12.129619598388672
2019-06-10,13.260000228881836,13.199999809265137,13.199999809265137,13.260000228881836,11800.0,12.166319847106934
2019-06-11,13.3100004196167,13.1899995803833,13.279999732971191,13.220000267028809,33400.0,12.129619598388672
2019-06-12,13.260000228881836,13.260000228881836,13.260000228881836,13.260000228881836,800.0,12.166319847106934
2019-06-13,13.329999923706055,13.210000038146973,13.229999542236328,13.300000190734863,31300.0,12.232540130615234
2019-06-14,13.34000015258789,13.25,13.279999732971191,13.3100004196167,18800.0,12.241740226745605
2019-06-17,13.329999923706055,13.229999542236328,13.329999923706055,13.279999732971191,32600.0,12.214146614074707
2019-06-18,13.350000381469727,13.260000228881836,13.300000190734863,13.260000228881836,13400.0,12.195752143859863
2019-06-19,13.329999923706055,13.25,13.25,13.289999961853027,18000.0,12.223343849182129
2019-06-20,13.329999923706055,13.100000381469727,13.289999961853027,13.25,47600.0,12.186553955078125
2019-06-21,13.279999732971191,13.239999771118164,13.25,13.239999771118164,4300.0,12.17735481262207
2019-06-24,13.270000457763672,13.199999809265137,13.270000457763672,13.270000457763672,47000.0,12.204949378967285
2019-06-25,13.279999732971191,13.199999809265137,13.239999771118164,13.270000457763672,63300.0,12.204949378967285
2019-06-26,13.279999732971191,13.210000038146973,13.270000457763672,13.279999732971191,34500.0,12.214146614074707
2019-06-27,13.3100004196167,13.229999542236328,13.279999732971191,13.300000190734863,24500.0,12.232540130615234
2019-06-28,13.3100004196167,13.279999732971191,13.279999732971191,13.3100004196167,8700.0,12.241740226745605
2019-07-01,13.319999694824219,13.279999732971191,13.300000190734863,13.279999732971191,11000.0,12.214146614074707
2019-07-02,13.359999656677246,13.25,13.289999961853027,13.359999656677246,23800.0,12.287728309631348
2019-07-03,13.369999885559082,13.300000190734863,13.329999923706055,13.369999885559082,5300.0,12.296924591064453
2019-07-05,13.3100004196167,13.289999961853027,13.3100004196167,13.3100004196167,3800.0,12.241740226745605
2019-07-08,13.369999885559082,13.319999694824219,13.319999694824219,13.350000381469727,26600.0,12.27852725982666
2019-07-09,13.390000343322754,13.329999923706055,13.329999923706055,13.359999656677246,19300.0,12.287728309631348
2019-07-10,13.420000076293945,13.350000381469727,13.350000381469727,13.420000076293945,13200.0,12.342909812927246
2019-07-11,13.449999809265137,13.40999984741211,13.420000076293945,13.430000305175781,17100.0,12.352107048034668
2019-07-12,13.420000076293945,13.369999885559082,13.40999984741211,13.420000076293945,25700.0,12.37238883972168
2019-07-15,13.430000305175781,13.390000343322754,13.399999618530273,13.420000076293945,26100.0,12.37238883972168
2019-07-16,13.430000305175781,13.380000114440918,13.399999618530273,13.420000076293945,22900.0,12.37238883972168
2019-07-17,13.420000076293945,13.369999885559082,13.420000076293945,13.369999885559082,29500.0,12.326292037963867
2019-07-18,13.4399995803833,13.390000343322754,13.4399995803833,13.399999618530273,25000.0,12.353951454162598
2019-07-19,13.430000305175781,13.399999618530273,13.399999618530273,13.420000076293945,17500.0,12.37238883972168
2019-07-22,13.479999542236328,13.430000305175781,13.449999809265137,13.470000267028809,29300.0,12.418488502502441
2019-07-23,13.539999961853027,13.460000038146973,13.5,13.479999542236328,31200.0,12.427704811096191
2019-07-24,13.5,13.460000038146973,13.5,13.489999771118164,18700.0,12.436925888061523
2019-07-25,13.489999771118164,13.460000038146973,13.470000267028809,13.489999771118164,13900.0,12.436925888061523
2019-07-26,13.5,13.430000305175781,13.470000267028809,13.449999809265137,16500.0,12.400045394897461
2019-07-29,13.529999732971191,13.449999809265137,13.449999809265137,13.520000457763672,29900.0,12.464584350585938
2019-07-30,13.579999923706055,13.510000228881836,13.520000457763672,13.550000190734863,10600.0,12.492242813110352
2019-07-31,13.569999694824219,13.529999732971191,13.550000190734863,13.529999732971191,73000.0,12.47380256652832
2019-08-01,13.640000343322754,13.5600004196167,13.5600004196167,13.619999885559082,28100.0,12.556775093078613
2019-08-02,13.649999618530273,13.579999923706055,13.600000381469727,13.579999923706055,21100.0,12.519898414611816
2019-08-05,13.720000267028809,13.609999656677246,13.670000076293945,13.630000114440918,36200.0,12.565995216369629
2019-08-06,13.680000305175781,13.59000015258789,13.640000343322754,13.630000114440918,18600.0,12.565995216369629
2019-08-07,13.75,13.640000343322754,13.65999984741211,13.680000305175781,33900.0,12.612093925476074
2019-08-08,13.710000038146973,13.670000076293945,13.6899995803833,13.710000038146973,35700.0,12.639753341674805
2019-08-09,13.760000228881836,13.680000305175781,13.680000305175781,13.699999809265137,21400.0,12.630531311035156
2019-08-12,13.819999694824219,13.699999809265137,13.779999732971191,13.800000190734863,20200.0,12.722725868225098
2019-08-13,13.8100004196167,13.710000038146973,13.729999542236328,13.779999732971191,27700.0,12.704285621643066
2019-08-14,13.819999694824219,13.699999809265137,13.789999961853027,13.710000038146973,26200.0,12.669173240661621
2019-08-15,13.75,13.6899995803833,13.699999809265137,13.710000038146973,35100.0,12.669173240661621
2019-08-16,13.770000457763672,13.699999809265137,13.699999809265137,13.699999809265137,10000.0,12.659929275512695
2019-08-19,13.8100004196167,13.699999809265137,13.699999809265137,13.789999961853027,21900.0,12.7431001663208
2019-08-20,13.869999885559082,13.800000190734863,13.8100004196167,13.829999923706055,10000.0,12.780060768127441
2019-08-21,13.890000343322754,13.8100004196167,13.819999694824219,13.8100004196167,8000.0,12.761579513549805
2019-08-22,13.869999885559082,13.739999771118164,13.869999885559082,13.739999771118164,21100.0,12.696890830993652
2019-08-23,13.789999961853027,13.729999542236328,13.739999771118164,13.739999771118164,9500.0,12.696890830993652
2019-08-26,13.819999694824219,13.729999542236328,13.729999542236328,13.75,18900.0,12.706131935119629
2019-08-27,13.829999923706055,13.729999542236328,13.770000457763672,13.800000190734863,17800.0,12.752339363098145
2019-08-28,13.8100004196167,13.75,13.800000190734863,13.75,22300.0,12.706131935119629
2019-08-29,13.779999732971191,13.760000228881836,13.779999732971191,13.770000457763672,3700.0,12.724615097045898
2019-08-30,13.84000015258789,13.710000038146973,13.710000038146973,13.789999961853027,51300.0,12.7431001663208
2019-09-03,13.84000015258789,13.789999961853027,13.789999961853027,13.800000190734863,3200.0,12.752339363098145
2019-09-04,13.8100004196167,13.75,13.789999961853027,13.779999732971191,33600.0,12.733856201171875
2019-09-05,13.760000228881836,13.630000114440918,13.760000228881836,13.699999809265137,81900.0,12.659929275512695
2019-09-06,13.720000267028809,13.699999809265137,13.720000267028809,13.699999809265137,19800.0,12.659929275512695
2019-09-09,13.6899995803833,13.65999984741211,13.6899995803833,13.6899995803833,26800.0,12.650689125061035
2019-09-10,13.720000267028809,13.65999984741211,13.65999984741211,13.710000038146973,17400.0,12.669173240661621
2019-09-11,13.699999809265137,13.680000305175781,13.699999809265137,13.6899995803833,9500.0,12.650689125061035
2019-09-12,13.699999809265137,13.479999542236328,13.65999984741211,13.5600004196167,46400.0,12.559918403625488
2019-09-13,13.539999961853027,13.430000305175781,13.529999732971191,13.430000305175781,68500.0,12.439506530761719
2019-09-16,13.529999732971191,13.420000076293945,13.460000038146973,13.420000076293945,54400.0,12.430244445800781
2019-09-17,13.619999885559082,13.420000076293945,13.420000076293945,13.609999656677246,7400.0,12.606231689453125
2019-09-18,13.649999618530273,13.520000457763672,13.5600004196167,13.59000015258789,43200.0,12.587705612182617
2019-09-19,13.670000076293945,13.600000381469727,13.609999656677246,13.619999885559082,60000.0,12.61549186706543
2019-09-20,13.619999885559082,13.59000015258789,13.59000015258789,13.609999656677246,5700.0,12.606231689453125
2019-09-23,13.819999694824219,13.59000015258789,13.600000381469727,13.640000343322754,26400.0,12.634012222290039
2019-09-24,13.65999984741211,13.579999923706055,13.619999885559082,13.600000381469727,17200.0,12.596969604492188
2019-09-25,13.619999885559082,13.550000190734863,13.579999923706055,13.569999694824219,19100.0,12.569180488586426
2019-09-26,13.699999809265137,13.569999694824219,13.569999694824219,13.649999618530273,13000.0,12.643280029296875
2019-09-27,13.760000228881836,13.630000114440918,13.65999984741211,13.630000114440918,7300.0,12.624756813049316
2019-09-30,13.75,13.600000381469727,13.600000381469727,13.670000076293945,18200.0,12.661805152893066
2019-10-01,13.729999542236328,13.65999984741211,13.699999809265137,13.729999542236328,4100.0,12.717378616333008
2019-10-02,13.760000228881836,13.729999542236328,13.760000228881836,13.729999542236328,14800.0,12.717378616333008
2019-10-03,13.75,13.739999771118164,13.75,13.75,9100.0,12.735902786254883
2019-10-04,13.75,13.6899995803833,13.75,13.720000267028809,6700.0,12.708117485046387
2019-10-07,13.729999542236328,13.670000076293945,13.670000076293945,13.720000267028809,11000.0,12.708117485046387
2019-10-08,13.75,13.699999809265137,13.75,13.729999542236328,15900.0,12.717378616333008
2019-10-09,13.710000038146973,13.699999809265137,13.710000038146973,13.699999809265137,13600.0,12.689592361450195
2019-10-10,13.699999809265137,13.65999984741211,13.699999809265137,13.699999809265137,4100.0,12.689592361450195
2019-10-11,13.65999984741211,13.609999656677246,13.65999984741211,13.640000343322754,7600.0,12.663592338562012
2019-10-14,13.680000305175781,13.65999984741211,13.65999984741211,13.670000076293945,1400.0,12.691449165344238
2019-10-15,13.670000076293945,13.600000381469727,13.670000076293945,13.630000114440918,15700.0,12.654314994812012
2019-10-16,13.609999656677246,13.550000190734863,13.609999656677246,13.5600004196167,8100.0,12.589325904846191
2019-10-17,13.619999885559082,13.529999732971191,13.59000015258789,13.529999732971191,16600.0,12.561470985412598
2019-10-18,13.59000015258789,13.520000457763672,13.539999961853027,13.579999923706055,22200.0,12.607892990112305
2019-10-21,13.600000381469727,13.5,13.5600004196167,13.539999961853027,27000.0,12.570755004882812
2019-10-22,13.630000114440918,13.5600004196167,13.569999694824219,13.579999923706055,13200.0,12.607892990112305
2019-10-23,13.649999618530273,13.579999923706055,13.59000015258789,13.579999923706055,24100.0,12.607892990112305
2019-10-24,13.699999809265137,13.489999771118164,13.619999885559082,13.550000190734863,70700.0,12.580038070678711
2019-10-25,13.569999694824219,13.5,13.5,13.510000228881836,22600.0,12.542902946472168
2019-10-28,13.619999885559082,13.489999771118164,13.489999771118164,13.59000015258789,33500.0,12.61717700958252
2019-10-29,13.640000343322754,13.5600004196167,13.600000381469727,13.640000343322754,20400.0,12.663592338562012
2019-10-30,13.739999771118164,13.640000343322754,13.649999618530273,13.739999771118164,34400.0,12.756436347961426
2019-10-31,13.760000228881836,13.720000267028809,13.729999542236328,13.760000228881836,11500.0,12.775004386901855
2019-11-01,13.789999961853027,13.710000038146973,13.789999961853027,13.760000228881836,21300.0,12.775004386901855
2019-11-04,13.75,13.720000267028809,13.75,13.75,10600.0,12.76572036743164
2019-11-05,13.789999961853027,13.720000267028809,13.720000267028809,13.770000457763672,35200.0,12.784290313720703
2019-11-06,13.829999923706055,13.789999961853027,13.789999961853027,13.829999923706055,19200.0,12.839995384216309
2019-11-07,13.8100004196167,13.720000267028809,13.8100004196167,13.720000267028809,9500.0,12.737869262695312
2019-11-08,13.779999732971191,13.729999542236328,13.729999542236328,13.779999732971191,10200.0,12.793573379516602
2019-11-11,13.770000457763672,13.720000267028809,13.739999771118164,13.720000267028809,13400.0,12.737869262695312
2019-11-12,13.729999542236328,13.670000076293945,13.710000038146973,13.670000076293945,8600.0,12.691449165344238
2019-11-13,13.699999809265137,13.569999694824219,13.699999809265137,13.569999694824219,13900.0,12.59860610961914
2019-11-14,13.630000114440918,13.529999732971191,13.529999732971191,13.619999885559082,28000.0,12.674918174743652
2019-11-15,13.670000076293945,13.609999656677246,13.609999656677246,13.670000076293945,10400.0,12.721446990966797
2019-11-18,13.760000228881836,13.630000114440918,13.649999618530273,13.760000228881836,26400.0,12.805201530456543
2019-11-19,13.729999542236328,13.680000305175781,13.720000267028809,13.720000267028809,8900.0,12.767979621887207
2019-11-20,13.770000457763672,13.699999809265137,13.710000038146973,13.770000457763672,14500.0,12.814509391784668
2019-11-21,13.75,13.65999984741211,13.729999542236328,13.65999984741211,10400.0,12.712140083312988
2019-11-22,13.739999771118164,13.640000343322754,13.6899995803833,13.710000038146973,30200.0,12.758674621582031
2019-11-25,13.760000228881836,13.680000305175781,13.680000305175781,13.760000228881836,8600.0,12.805201530456543
2019-11-26,13.729999542236328,13.670000076293945,13.729999542236328,13.699999809265137,6800.0,12.74936580657959
2019-11-27,13.75,13.699999809265137,13.729999542236328,13.720000267028809,9300.0,12.767979621887207
2019-11-29,13.75,13.710000038146973,13.710000038146973,13.75,500.0,12.795893669128418
2019-12-02,13.789999961853027,13.699999809265137,13.739999771118164,13.760000228881836,39300.0,12.805201530456543
2019-12-03,13.90999984741211,13.760000228881836,13.800000190734863,13.90999984741211,53300.0,12.944792747497559
2019-12-04,13.90999984741211,13.8100004196167,13.859999656677246,13.819999694824219,13200.0,12.861037254333496
2019-12-05,13.859999656677246,13.800000190734863,13.84000015258789,13.859999656677246,44400.0,12.898262977600098
2019-12-06,13.869999885559082,13.829999923706055,13.84000015258789,13.859999656677246,15500.0,12.898262977600098
2019-12-09,13.899999618530273,13.819999694824219,13.850000381469727,13.829999923706055,36400.0,12.870345115661621
2019-12-10,13.829999923706055,13.800000190734863,13.819999694824219,13.800000190734863,11500.0,12.842426300048828
2019-12-11,13.920000076293945,13.800000190734863,13.819999694824219,13.920000076293945,24900.0,12.95409870147705
2019-12-12,13.890000343322754,13.710000038146973,13.890000343322754,13.729999542236328,65000.0,12.80672550201416
2019-12-13,13.920000076293945,13.760000228881836,13.770000457763672,13.920000076293945,16400.0,12.98394775390625
2019-12-16,13.880000114440918,13.789999961853027,13.859999656677246,13.880000114440918,13600.0,12.946637153625488
2019-12-17,13.920000076293945,13.850000381469727,13.850000381469727,13.859999656677246,17300.0,12.927982330322266
2019-12-18,13.970000267028809,13.899999618530273,13.899999618530273,13.9399995803833,11100.0,13.002603530883789
2019-12-19,13.9399995803833,13.819999694824219,13.880000114440918,13.869999885559082,24000.0,12.937312126159668
2019-12-20,13.989999771118164,13.859999656677246,13.930000305175781,13.920000076293945,7100.0,12.98394775390625
2019-12-23,13.970000267028809,13.890000343322754,13.970000267028809,13.899999618530273,26100.0,12.965291976928711
2019-12-24,13.949999809265137,13.880000114440918,13.920000076293945,13.880000114440918,18400.0,12.946637153625488
2019-12-26,13.920000076293945,13.869999885559082,13.869999885559082,13.899999618530273,8500.0,12.965291976928711
2019-12-27,13.90999984741211,13.880000114440918,13.90999984741211,13.899999618530273,5900.0,12.965291976928711
2019-12-30,13.949999809265137,13.880000114440918,13.949999809265137,13.90999984741211,11300.0,12.97461986541748
2019-12-31,13.949999809265137,13.880000114440918,13.949999809265137,13.880000114440918,20500.0,12.946637153625488
2020-01-02,13.930000305175781,13.829999923706055,13.90999984741211,13.829999923706055,14300.0,12.900003433227539
2020-01-03,13.989999771118164,13.880000114440918,13.880000114440918,13.970000267028809,24300.0,13.030587196350098
2020-01-06,13.970000267028809,13.920000076293945,13.970000267028809,13.970000267028809,21100.0,13.030587196350098
2020-01-07,13.979999542236328,13.920000076293945,13.960000038146973,13.979999542236328,25300.0,13.039913177490234
2020-01-08,13.989999771118164,13.9399995803833,13.989999771118164,13.970000267028809,29900.0,13.030587196350098
2020-01-09,13.970000267028809,13.899999618530273,13.920000076293945,13.970000267028809,29500.0,13.030587196350098
2020-01-10,14.0,13.9399995803833,13.9399995803833,14.0,11000.0,13.058571815490723
2020-01-13,14.020000457763672,13.960000038146973,14.020000457763672,13.960000038146973,8500.0,13.021258354187012
2020-01-14,13.970000267028809,13.90999984741211,13.9399995803833,13.970000267028809,15800.0,13.060524940490723
2020-01-15,13.989999771118164,13.930000305175781,13.949999809265137,13.970000267028809,25300.0,13.060524940490723
2020-01-16,14.039999961853027,13.979999542236328,13.979999542236328,14.0,28600.0,13.08857250213623
2020-01-17,14.050000190734863,14.0,14.010000228881836,14.039999961853027,12000.0,13.125967025756836
2020-01-21,14.180000305175781,14.069999694824219,14.180000305175781,14.100000381469727,63400.0,13.182063102722168
2020-01-22,14.109999656677246,14.09000015258789,14.109999656677246,14.100000381469727,15500.0,13.182063102722168
2020-01-23,14.180000305175781,14.050000190734863,14.050000190734863,14.130000114440918,85600.0,13.210108757019043
2020-01-24,14.170000076293945,14.119999885559082,14.170000076293945,14.140000343322754,8600.0,13.219454765319824
2020-01-27,14.199999809265137,14.149999618530273,14.199999809265137,14.149999618530273,12100.0,13.228806495666504
2020-01-28,14.260000228881836,14.180000305175781,14.180000305175781,14.180000305175781,24600.0,13.256851196289062
2020-01-29,14.279999732971191,14.1899995803833,14.1899995803833,14.260000228881836,30500.0,13.331644058227539
2020-01-30,14.289999961853027,14.260000228881836,14.270000457763672,14.289999961853027,15900.0,13.35969066619873
2020-01-31,14.399999618530273,14.279999732971191,14.3100004196167,14.300000190734863,46200.0,13.369039535522461
2020-02-03,14.319999694824219,14.279999732971191,14.3100004196167,14.3100004196167,17700.0,13.378390312194824
2020-02-04,14.289999961853027,14.170000076293945,14.279999732971191,14.170000076293945,15700.0,13.247505187988281
2020-02-05,14.25,14.170000076293945,14.170000076293945,14.180000305175781,36500.0,13.256851196289062
2020-02-06,14.260000228881836,14.199999809265137,14.25,14.229999542236328,9000.0,13.303594589233398
2020-02-07,14.260000228881836,14.1899995803833,14.260000228881836,14.260000228881836,32800.0,13.331644058227539
2020-02-10,14.300000190734863,14.25,14.25,14.25,21300.0,13.322294235229492
2020-02-11,14.3100004196167,14.260000228881836,14.3100004196167,14.260000228881836,10000.0,13.331644058227539
2020-02-12,14.270000457763672,14.25,14.260000228881836,14.25,24000.0,13.322294235229492
2020-02-13,14.319999694824219,14.220000267028809,14.220000267028809,14.319999694824219,27900.0,13.417868614196777
2020-02-14,14.300000190734863,14.260000228881836,14.300000190734863,14.270000457763672,7300.0,13.371021270751953
2020-02-18,14.319999694824219,14.25,14.260000228881836,14.289999961853027,12400.0,13.389759063720703
2020-02-19,14.3100004196167,14.239999771118164,14.25,14.279999732971191,17500.0,13.380390167236328
2020-02-20,14.40999984741211,14.260000228881836,14.260000228881836,14.399999618530273,31900.0,13.492829322814941
2020-02-21,14.420000076293945,14.369999885559082,14.420000076293945,14.380000114440918,5800.0,13.474091529846191
2020-02-24,14.4399995803833,14.350000381469727,14.4399995803833,14.390000343322754,17900.0,13.483460426330566
2020-02-25,14.40999984741211,14.350000381469727,14.369999885559082,14.369999885559082,11900.0,13.464717864990234
2020-02-26,14.350000381469727,14.319999694824219,14.329999923706055,14.34000015258789,9800.0,13.43661117553711
2020-02-27,14.369999885559082,14.300000190734863,14.369999885559082,14.3100004196167,26900.0,13.408500671386719
2020-02-28,14.380000114440918,14.119999885559082,14.119999885559082,14.140000343322754,61700.0,13.2492094039917
2020-03-02,14.270000457763672,14.180000305175781,14.229999542236328,14.210000038146973,20200.0,13.314799308776855
2020-03-03,14.319999694824219,14.220000267028809,14.220000267028809,14.319999694824219,20800.0,13.417868614196777
2020-03-04,14.329999923706055,14.260000228881836,14.3100004196167,14.300000190734863,6900.0,13.399128913879395
2020-03-05,14.319999694824219,14.260000228881836,14.300000190734863,14.289999961853027,16600.0,13.389759063720703
2020-03-06,14.380000114440918,14.270000457763672,14.270000457763672,14.300000190734863,14000.0,13.399128913879395
2020-03-09,14.319999694824219,14.15999984741211,14.319999694824219,14.25,51400.0,13.352278709411621
2020-03-10,14.270000457763672,14.210000038146973,14.270000457763672,14.220000267028809,31400.0,13.324170112609863
2020-03-11,14.180000305175781,14.039999961853027,14.180000305175781,14.100000381469727,67600.0,13.21173095703125
2020-03-12,14.020000457763672,12.899999618530273,14.020000457763672,12.899999618530273,79800.0,12.114822387695312
2020-03-13,13.5,13.109999656677246,13.109999656677246,13.15999984741211,35300.0,12.358993530273438
2020-03-16,13.119999885559082,12.40999984741211,13.119999885559082,12.880000114440918,28800.0,12.096037864685059
2020-03-17,13.0,12.75,13.0,12.829999923706055,38400.0,12.049081802368164
2020-03-18,12.800000190734863,11.420000076293945,12.800000190734863,12.09000015258789,71000.0,11.354122161865234
2020-03-19,13.289999961853027,11.970000267028809,12.130000114440918,13.289999961853027,73500.0,12.481083869934082
2020-03-20,13.140000343322754,12.460000038146973,12.979999542236328,12.649999618530273,59300.0,11.880038261413574
2020-03-23,12.640000343322754,11.779999732971191,12.640000343322754,11.979999542236328,77100.0,11.250818252563477
2020-03-24,12.489999771118164,12.020000457763672,12.020000457763672,12.350000381469727,44100.0,11.598298072814941
2020-03-25,13.069999694824219,12.34000015258789,12.34000015258789,12.800000190734863,71800.0,12.020907402038574
2020-03-26,13.550000190734863,12.920000076293945,13.0,13.329999923706055,43000.0,12.518649101257324
2020-03-27,13.390000343322754,12.979999542236328,12.979999542236328,13.130000114440918,38800.0,12.33082103729248
2020-03-30,13.529999732971191,13.15999984741211,13.180000305175781,13.40999984741211,27000.0,12.593777656555176
2020-03-31,13.4399995803833,13.319999694824219,13.319999694824219,13.329999923706055,28900.0,12.518649101257324
2020-04-01,13.329999923706055,12.989999771118164,13.319999694824219,13.170000076293945,59600.0,12.368389129638672
2020-04-02,13.180000305175781,12.899999618530273,13.130000114440918,12.899999618530273,26600.0,12.114822387695312
2020-04-03,12.970000267028809,12.619999885559082,12.899999618530273,12.670000076293945,19100.0,11.898821830749512
2020-04-06,12.989999771118164,12.710000038146973,12.710000038146973,12.920000076293945,33400.0,12.133605003356934
2020-04-07,13.149999618530273,12.949999809265137,12.949999809265137,13.0600004196167,21900.0,12.265082359313965
2020-04-08,13.229999542236328,13.039999961853027,13.039999961853027,13.130000114440918,22900.0,12.33082103729248
2020-04-09,13.420000076293945,13.130000114440918,13.130000114440918,13.34000015258789,52300.0,12.528039932250977
2020-04-13,13.350000381469727,13.180000305175781,13.350000381469727,13.180000305175781,19700.0,12.377778053283691
2020-04-14,13.399999618530273,13.1899995803833,13.1899995803833,13.25,21400.0,12.473804473876953
2020-04-15,13.270000457763672,13.170000076293945,13.229999542236328,13.260000228881836,23100.0,12.483219146728516
2020-04-16,13.270000457763672,13.199999809265137,13.199999809265137,13.229999542236328,6400.0,12.454973220825195
2020-04-17,13.800000190734863,13.229999542236328,13.350000381469727,13.229999542236328,42300.0,12.454973220825195
2020-04-20,13.260000228881836,13.15999984741211,13.220000267028809,13.15999984741211,13700.0,12.389074325561523
2020-04-21,13.1899995803833,13.069999694824219,13.1899995803833,13.069999694824219,19100.0,12.30434799194336
2020-04-22,13.170000076293945,13.100000381469727,13.109999656677246,13.170000076293945,32800.0,12.398492813110352
2020-04-23,13.220000267028809,13.119999885559082,13.199999809265137,13.130000114440918,25000.0,12.360833168029785
2020-04-24,13.100000381469727,12.949999809265137,13.079999923706055,13.0,45500.0,12.238450050354004
2020-04-27,12.949999809265137,12.859999656677246,12.9399995803833,12.899999618530273,62600.0,12.144307136535645
2020-04-28,12.970000267028809,12.899999618530273,12.920000076293945,12.970000267028809,18700.0,12.210205078125
2020-04-29,13.119999885559082,12.960000038146973,13.010000228881836,13.029999732971191,28600.0,12.266694068908691
2020-04-30,13.170000076293945,13.020000457763672,13.050000190734863,13.029999732971191,32300.0,12.266694068908691
2020-05-01,13.149999618530273,13.0,13.0,13.140000343322754,28100.0,12.370246887207031
2020-05-04,13.229999542236328,13.109999656677246,13.180000305175781,13.229999542236328,12600.0,12.454973220825195
2020-05-05,13.569999694824219,13.180000305175781,13.3100004196167,13.279999732971191,76600.0,12.502047538757324
2020-05-06,13.3100004196167,13.210000038146973,13.25,13.300000190734863,13700.0,12.520877838134766
2020-05-07,13.369999885559082,13.289999961853027,13.289999961853027,13.350000381469727,14600.0,12.567947387695312
2020-05-08,13.390000343322754,13.300000190734863,13.300000190734863,13.390000343322754,36800.0,12.60560131072998
2020-05-11,13.430000305175781,13.3100004196167,13.399999618530273,13.420000076293945,26600.0,12.633843421936035
2020-05-12,13.460000038146973,13.34000015258789,13.399999618530273,13.399999618530273,14900.0,12.615015029907227
2020-05-13,13.449999809265137,13.1899995803833,13.449999809265137,13.210000038146973,17500.0,12.43614673614502
2020-05-14,13.1899995803833,13.079999923706055,13.180000305175781,13.140000343322754,10400.0,12.403578758239746
2020-05-15,13.329999923706055,13.109999656677246,13.329999923706055,13.149999618530273,9000.0,12.413017272949219
2020-05-18,13.300000190734863,13.140000343322754,13.140000343322754,13.260000228881836,20100.0,12.516855239868164
2020-05-19,13.329999923706055,13.199999809265137,13.25,13.319999694824219,25000.0,12.573491096496582
2020-05-20,13.380000114440918,13.319999694824219,13.319999694824219,13.34000015258789,17200.0,12.59237289428711
2020-05-21,13.40999984741211,13.329999923706055,13.380000114440918,13.40999984741211,20500.0,12.658448219299316
2020-05-22,13.600000381469727,13.399999618530273,13.420000076293945,13.520000457763672,29300.0,12.762283325195312
2020-05-26,13.75,13.550000190734863,13.75,13.670000076293945,26300.0,12.903876304626465
2020-05-27,13.729999542236328,13.680000305175781,13.720000267028809,13.680000305175781,13500.0,12.91331672668457
2020-05-28,13.829999923706055,13.729999542236328,13.779999732971191,13.829999923706055,8300.0,13.054910659790039
2020-05-29,13.899999618530273,13.8100004196167,13.8100004196167,13.890000343322754,15800.0,13.111547470092773
2020-06-01,13.979999542236328,13.880000114440918,13.880000114440918,13.890000343322754,24300.0,13.111547470092773
2020-06-02,14.039999961853027,13.880000114440918,13.899999618530273,13.890000343322754,16100.0,13.111547470092773
2020-06-03,13.960000038146973,13.819999694824219,13.920000076293945,13.819999694824219,29200.0,13.045469284057617
2020-06-04,13.850000381469727,13.729999542236328,13.850000381469727,13.779999732971191,23900.0,13.007711410522461
2020-06-05,13.899999618530273,13.770000457763672,13.789999961853027,13.8100004196167,29400.0,13.036033630371094
2020-06-08,13.880000114440918,13.829999923706055,13.829999923706055,13.869999885559082,12400.0,13.092668533325195
2020-06-09,14.020000457763672,13.800000190734863,13.829999923706055,13.8100004196167,26400.0,13.036033630371094
2020-06-10,13.880000114440918,13.8100004196167,13.829999923706055,13.880000114440918,14600.0,13.102107048034668
2020-06-11,13.890000343322754,13.770000457763672,13.829999923706055,13.800000190734863,16700.0,13.026592254638672
2020-06-12,13.880000114440918,13.800000190734863,13.829999923706055,13.880000114440918,5400.0,13.13589859008789
2020-06-15,14.039999961853027,13.75,13.859999656677246,13.75,34500.0,13.012866020202637
2020-06-16,13.9399995803833,13.680000305175781,13.680000305175781,13.850000381469727,47100.0,13.107507705688477
2020-06-17,13.859999656677246,13.680000305175781,13.859999656677246,13.739999771118164,16700.0,13.003405570983887
2020-06-18,13.779999732971191,13.739999771118164,13.779999732971191,13.770000457763672,31500.0,13.031797409057617
2020-06-19,13.789999961853027,13.739999771118164,13.739999771118164,13.75,6900.0,13.012866020202637
2020-06-22,13.779999732971191,13.75,13.770000457763672,13.770000457763672,5700.0,13.031797409057617
2020-06-23,13.850000381469727,13.75,13.75,13.850000381469727,8100.0,13.107507705688477
2020-06-24,13.880000114440918,13.819999694824219,13.869999885559082,13.859999656677246,29000.0,13.116972923278809
2020-06-25,13.899999618530273,13.84000015258789,13.880000114440918,13.890000343322754,19500.0,13.145363807678223
2020-06-26,14.029999732971191,13.890000343322754,13.890000343322754,14.029999732971191,44500.0,13.27785587310791
2020-06-29,14.029999732971191,13.920000076293945,13.949999809265137,13.9399995803833,11500.0,13.192683219909668
2020-06-30,14.25,13.9399995803833,13.989999771118164,14.210000038146973,22000.0,13.448209762573242
2020-07-01,14.199999809265137,14.109999656677246,14.109999656677246,14.149999618530273,22500.0,13.391425132751465
2020-07-02,14.779999732971191,14.140000343322754,14.779999732971191,14.140000343322754,18900.0,13.381959915161133
2020-07-06,14.220000267028809,14.069999694824219,14.069999694824219,14.1899995803833,7200.0,13.429281234741211
2020-07-07,14.270000457763672,14.149999618530273,14.15999984741211,14.15999984741211,13800.0,13.400888442993164
2020-07-08,14.420000076293945,14.15999984741211,14.239999771118164,14.279999732971191,40200.0,13.51445484161377
2020-07-09,14.390000343322754,14.289999961853027,14.289999961853027,14.300000190734863,23400.0,13.5333833694458
2020-07-10,14.359999656677246,14.270000457763672,14.289999961853027,14.270000457763672,20600.0,13.504993438720703
2020-07-13,14.34000015258789,14.180000305175781,14.3100004196167,14.210000038146973,9000.0,13.448209762573242
2020-07-14,14.199999809265137,14.130000114440918,14.199999809265137,14.170000076293945,20600.0,13.443940162658691
2020-07-15,14.350000381469727,14.140000343322754,14.149999618530273,14.319999694824219,18100.0,13.58625316619873
2020-07-16,14.319999694824219,14.25,14.319999694824219,14.25,13400.0,13.519841194152832
2020-07-17,14.319999694824219,14.199999809265137,14.25,14.319999694824219,12700.0,13.58625316619873
2020-07-20,14.319999694824219,14.229999542236328,14.319999694824219,14.289999961853027,7500.0,13.557788848876953
2020-07-21,14.630000114440918,14.270000457763672,14.630000114440918,14.270000457763672,7600.0,13.538817405700684
2020-07-22,14.350000381469727,14.140000343322754,14.260000228881836,14.210000038146973,28900.0,13.481889724731445
2020-07-23,14.270000457763672,14.1899995803833,14.1899995803833,14.229999542236328,13600.0,13.500863075256348
2020-07-24,14.600000381469727,14.199999809265137,14.270000457763672,14.25,9400.0,13.519841194152832
2020-07-27,14.300000190734863,14.229999542236328,14.229999542236328,14.270000457763672,4000.0,13.538817405700684
2020-07-28,14.640000343322754,14.270000457763672,14.640000343322754,14.270000457763672,4900.0,13.538817405700684
2020-07-29,14.380000114440918,14.1899995803833,14.270000457763672,14.229999542236328,31800.0,13.500863075256348
2020-07-30,14.550000190734863,14.199999809265137,14.3100004196167,14.220000267028809,72400.0,13.491377830505371
2020-07-31,14.319999694824219,14.210000038146973,14.210000038146973,14.279999732971191,26500.0,13.548300743103027
2020-08-03,14.4399995803833,14.329999923706055,14.329999923706055,14.430000305175781,7400.0,13.690617561340332
2020-08-04,14.4399995803833,14.289999961853027,14.289999961853027,14.40999984741211,25300.0,13.671642303466797
2020-08-05,14.460000038146973,14.399999618530273,14.40999984741211,14.40999984741211,10000.0,13.671642303466797
2020-08-06,14.430000305175781,14.3100004196167,14.40999984741211,14.390000343322754,19500.0,13.652666091918945
2020-08-07,14.4399995803833,14.300000190734863,14.300000190734863,14.34000015258789,36400.0,13.605230331420898
2020-08-10,14.4399995803833,14.279999732971191,14.359999656677246,14.3100004196167,26800.0,13.576764106750488
2020-08-11,14.350000381469727,14.3100004196167,14.3100004196167,14.319999694824219,9600.0,13.58625316619873
2020-08-12,14.84000015258789,14.289999961853027,14.329999923706055,14.479999542236328,37500.0,13.738056182861328
2020-08-13,14.449999809265137,14.369999885559082,14.399999618530273,14.399999618530273,7800.0,13.695732116699219
2020-08-14,14.4399995803833,14.350000381469727,14.380000114440918,14.390000343322754,23700.0,13.686220169067383
2020-08-17,14.630000114440918,14.350000381469727,14.350000381469727,14.4399995803833,20900.0,13.73377513885498
2020-08-18,14.430000305175781,14.350000381469727,14.420000076293945,14.430000305175781,8200.0,13.724264144897461
2020-08-19,14.399999618530273,14.359999656677246,14.380000114440918,14.390000343322754,20600.0,13.686220169067383
2020-08-20,14.420000076293945,14.380000114440918,14.40999984741211,14.380000114440918,14400.0,13.676708221435547
2020-08-21,14.569999694824219,14.350000381469727,14.390000343322754,14.569999694824219,12900.0,13.857417106628418
2020-08-24,14.550000190734863,14.479999542236328,14.479999542236328,14.520000457763672,22600.0,13.80986499786377
2020-08-25,14.539999961853027,14.34000015258789,14.520000457763672,14.34000015258789,29800.0,13.638665199279785
2020-08-26,14.40999984741211,14.329999923706055,14.359999656677246,14.399999618530273,6200.0,13.695732116699219
2020-08-27,14.449999809265137,14.329999923706055,14.449999809265137,14.359999656677246,19300.0,13.657689094543457
2020-08-28,14.539999961853027,14.359999656677246,14.539999961853027,14.399999618530273,5200.0,13.695732116699219
2020-08-31,14.489999771118164,14.300000190734863,14.399999618530273,14.479999542236328,41500.0,13.771819114685059
2020-09-01,14.489999771118164,14.390000343322754,14.489999771118164,14.449999809265137,7400.0,13.743285179138184
2020-09-02,14.420000076293945,14.380000114440918,14.399999618530273,14.390000343322754,7200.0,13.686220169067383
2020-09-03,14.420000076293945,14.359999656677246,14.380000114440918,14.369999885559082,7200.0,13.66719913482666
2020-09-04,14.390000343322754,14.34000015258789,14.34000015258789,14.350000381469727,7400.0,13.648179054260254
2020-09-08,14.489999771118164,14.140000343322754,14.449999809265137,14.140000343322754,14800.0,13.448446273803711
2020-09-09,14.350000381469727,14.210000038146973,14.210000038146973,14.239999771118164,22100.0,13.543554306030273
2020-09-10,14.289999961853027,14.229999542236328,14.25,14.260000228881836,12500.0,13.562580108642578
2020-09-11,14.350000381469727,14.289999961853027,14.350000381469727,14.289999961853027,2000.0,13.591113090515137
2020-09-14,14.289999961853027,14.210000038146973,14.270000457763672,14.229999542236328,14600.0,13.567750930786133
2020-09-15,14.239999771118164,14.199999809265137,14.210000038146973,14.229999542236328,7700.0,13.567750930786133
2020-09-16,14.260000228881836,14.239999771118164,14.260000228881836,14.25,1600.0,13.586821556091309
2020-09-17,14.329999923706055,14.229999542236328,14.289999961853027,14.300000190734863,31000.0,13.634493827819824
2020-09-18,14.329999923706055,14.270000457763672,14.270000457763672,14.289999961853027,13600.0,13.624961853027344
2020-09-21,14.289999961853027,14.100000381469727,14.289999961853027,14.210000038146973,36900.0,13.54868221282959
2020-09-22,14.359999656677246,14.149999618530273,14.199999809265137,14.199999809265137,24800.0,13.53914737701416
2020-09-23,14.270000457763672,14.140000343322754,14.270000457763672,14.210000038146973,14200.0,13.54868221282959
2020-09-24,14.399999618530273,14.15999984741211,14.180000305175781,14.199999809265137,3700.0,13.53914737701416
2020-09-25,14.369999885559082,14.1899995803833,14.1899995803833,14.319999694824219,6700.0,13.65356159210205
2020-09-28,14.479999542236328,14.329999923706055,14.329999923706055,14.479999542236328,10600.0,13.806116104125977
2020-09-29,14.399999618530273,14.34000015258789,14.380000114440918,14.369999885559082,7600.0,13.701236724853516
2020-09-30,14.40999984741211,14.289999961853027,14.34000015258789,14.289999961853027,7900.0,13.624961853027344
2020-10-01,14.40999984741211,14.34000015258789,14.34000015258789,14.40999984741211,2300.0,13.739374160766602
2020-10-02,14.470000267028809,14.350000381469727,14.369999885559082,14.359999656677246,16700.0,13.691699981689453
2020-10-05,14.369999885559082,14.050000190734863,14.359999656677246,14.289999961853027,24800.0,13.624961853027344
2020-10-06,14.470000267028809,14.329999923706055,14.380000114440918,14.359999656677246,35000.0,13.691699981689453
2020-10-07,14.380000114440918,14.260000228881836,14.369999885559082,14.329999923706055,33000.0,13.663097381591797
2020-10-08,14.369999885559082,14.270000457763672,14.369999885559082,14.319999694824219,22000.0,13.65356159210205
2020-10-09,14.460000038146973,14.359999656677246,14.460000038146973,14.399999618530273,3000.0,13.729839324951172
2020-10-12,14.460000038146973,14.350000381469727,14.399999618530273,14.399999618530273,16100.0,13.729839324951172
2020-10-13,14.40999984741211,14.319999694824219,14.40999984741211,14.350000381469727,14600.0,13.682168960571289
2020-10-14,14.399999618530273,14.260000228881836,14.350000381469727,14.319999694824219,10400.0,13.69124984741211
2020-10-15,14.289999961853027,14.25,14.270000457763672,14.25,3000.0,13.624323844909668
2020-10-16,14.270000457763672,14.239999771118164,14.260000228881836,14.239999771118164,4500.0,13.614762306213379
2020-10-19,14.34000015258789,14.210000038146973,14.25,14.25,13800.0,13.624323844909668
2020-10-20,14.350000381469727,14.210000038146973,14.229999542236328,14.350000381469727,14800.0,13.71993350982666
2020-10-21,14.3100004196167,14.279999732971191,14.300000190734863,14.279999732971191,7700.0,13.653006553649902
2020-10-22,14.34000015258789,14.220000267028809,14.319999694824219,14.300000190734863,15400.0,13.672128677368164
2020-10-23,14.34000015258789,14.270000457763672,14.34000015258789,14.289999961853027,4500.0,13.662568092346191
2020-10-26,14.34000015258789,14.210000038146973,14.229999542236328,14.25,15000.0,13.624323844909668
2020-10-27,14.270000457763672,14.109999656677246,14.260000228881836,14.1899995803833,15300.0,13.566957473754883
2020-10-28,14.289999961853027,14.199999809265137,14.25,14.199999809265137,17800.0,13.576519012451172
2020-10-29,14.199999809265137,14.09000015258789,14.199999809265137,14.100000381469727,30500.0,13.480910301208496
2020-10-30,14.199999809265137,14.119999885559082,14.119999885559082,14.199999809265137,4700.0,13.576519012451172
2020-11-02,14.199999809265137,14.109999656677246,14.109999656677246,14.15999984741211,17200.0,13.538275718688965
2020-11-03,14.25,14.15999984741211,14.199999809265137,14.199999809265137,10500.0,13.576519012451172
2020-11-04,14.399999618530273,14.319999694824219,14.350000381469727,14.399999618530273,23000.0,13.76773738861084
2020-11-05,14.479999542236328,14.350000381469727,14.399999618530273,14.460000038146973,40800.0,13.825101852416992
2020-11-06,14.479999542236328,14.4399995803833,14.460000038146973,14.4399995803833,19500.0,13.80598258972168
2020-11-09,14.489999771118164,14.289999961853027,14.489999771118164,14.350000381469727,32700.0,13.71993350982666
2020-11-10,14.399999618530273,14.289999961853027,14.369999885559082,14.319999694824219,27500.0,13.69124984741211
2020-11-11,14.350000381469727,14.289999961853027,14.350000381469727,14.34000015258789,14400.0,13.71037483215332
2020-11-12,14.350000381469727,14.270000457763672,14.279999732971191,14.34000015258789,11500.0,13.748242378234863
2020-11-13,14.350000381469727,14.239999771118164,14.350000381469727,14.289999961853027,51500.0,13.700304985046387
2020-11-16,14.329999923706055,14.239999771118164,14.329999923706055,14.279999732971191,24700.0,13.690716743469238
2020-11-17,14.369999885559082,14.239999771118164,14.369999885559082,14.34000015258789,10200.0,13.748242378234863
2020-11-18,14.359999656677246,14.3100004196167,14.319999694824219,14.34000015258789,27200.0,13.748242378234863
2020-11-19,14.380000114440918,14.270000457763672,14.359999656677246,14.369999885559082,46000.0,13.777002334594727
2020-11-20,14.420000076293945,14.300000190734863,14.300000190734863,14.399999618530273,28200.0,13.805766105651855
2020-11-23,14.489999771118164,14.380000114440918,14.390000343322754,14.489999771118164,23800.0,13.892051696777344
2020-11-24,14.5,14.430000305175781,14.479999542236328,14.430000305175781,17800.0,13.834528923034668
2020-11-25,14.5600004196167,14.279999732971191,14.5600004196167,14.479999542236328,26300.0,13.882463455200195
2020-11-27,14.569999694824219,14.510000228881836,14.569999694824219,14.529999732971191,12500.0,13.930398941040039
2020-11-30,14.569999694824219,14.520000457763672,14.569999694824219,14.539999961853027,6000.0,13.93998908996582
2020-12-01,14.609999656677246,14.550000190734863,14.569999694824219,14.609999656677246,11900.0,14.007098197937012
2020-12-02,14.65999984741211,14.520000457763672,14.609999656677246,14.520000457763672,60300.0,13.920815467834473
2020-12-03,14.649999618530273,14.489999771118164,14.649999618530273,14.550000190734863,17000.0,13.949573516845703
2020-12-04,14.600000381469727,14.239999771118164,14.600000381469727,14.489999771118164,44100.0,13.892051696777344
2020-12-07,14.600000381469727,14.5,14.600000381469727,14.5600004196167,29300.0,13.959161758422852
2020-12-08,14.720000267028809,14.5,14.720000267028809,14.5600004196167,45400.0,13.959161758422852
2020-12-09,14.550000190734863,14.420000076293945,14.529999732971191,14.460000038146973,32800.0,13.863289833068848
2020-12-10,14.520000457763672,14.420000076293945,14.510000228881836,14.4399995803833,18400.0,13.844114303588867
2020-12-11,14.510000228881836,14.350000381469727,14.460000038146973,14.380000114440918,30400.0,13.786591529846191
2020-12-14,14.380000114440918,14.270000457763672,14.369999885559082,14.279999732971191,11300.0,13.72890567779541
2020-12-15,14.300000190734863,14.239999771118164,14.239999771118164,14.270000457763672,19800.0,13.719292640686035
2020-12-16,14.319999694824219,14.180000305175781,14.270000457763672,14.270000457763672,85800.0,13.719292640686035
2020-12-17,14.329999923706055,14.260000228881836,14.329999923706055,14.289999961853027,28700.0,13.738520622253418
2020-12-18,14.5,14.300000190734863,14.359999656677246,14.449999809265137,28600.0,13.89234447479248
2020-12-21,14.510000228881836,14.399999618530273,14.449999809265137,14.4399995803833,9000.0,13.882730484008789
2020-12-22,14.59000015258789,14.470000267028809,14.569999694824219,14.59000015258789,26500.0,14.02694320678711
2020-12-23,14.699999809265137,14.300000190734863,14.699999809265137,14.460000038146973,26300.0,13.901956558227539
2020-12-24,14.640000343322754,14.470000267028809,14.479999542236328,14.5,15000.0,13.94041633605957
2020-12-28,14.5600004196167,14.449999809265137,14.510000228881836,14.520000457763672,24600.0,13.95964527130127
2020-12-29,14.630000114440918,14.5,14.630000114440918,14.529999732971191,13000.0,13.969257354736328
2020-12-30,14.6899995803833,14.569999694824219,14.600000381469727,14.579999923706055,17600.0,14.017327308654785
2020-12-31,14.729999542236328,14.630000114440918,14.630000114440918,14.729999542236328,19500.0,14.161540031433105
2021-01-04,14.729999542236328,14.640000343322754,14.729999542236328,14.699999809265137,16200.0,14.132697105407715
2021-01-05,14.720000267028809,14.600000381469727,14.600000381469727,14.680000305175781,28400.0,14.113469123840332
2021-01-06,14.729999542236328,14.65999984741211,14.729999542236328,14.670000076293945,8300.0,14.103852272033691
2021-01-07,14.710000038146973,14.40999984741211,14.65999984741211,14.529999732971191,31100.0,13.969257354736328
2021-01-08,14.600000381469727,14.489999771118164,14.550000190734863,14.489999771118164,23100.0,13.930800437927246
2021-01-11,14.739999771118164,14.420000076293945,14.420000076293945,14.729999542236328,70900.0,14.161540031433105
2021-01-12,14.699999809265137,14.489999771118164,14.6899995803833,14.609999656677246,9200.0,14.046172142028809
2021-01-13,14.699999809265137,14.600000381469727,14.630000114440918,14.699999809265137,35000.0,14.132697105407715
2021-01-14,14.699999809265137,14.4399995803833,14.699999809265137,14.479999542236328,32200.0,13.9591703414917
2021-01-15,14.529999732971191,14.34000015258789,14.529999732971191,14.40999984741211,23400.0,13.891690254211426
2021-01-19,14.489999771118164,14.390000343322754,14.40999984741211,14.4399995803833,31300.0,13.920609474182129
2021-01-20,14.5,14.359999656677246,14.460000038146973,14.489999771118164,27200.0,13.968810081481934
2021-01-21,14.550000190734863,14.479999542236328,14.5,14.5,30500.0,13.978452682495117
2021-01-22,14.579999923706055,14.470000267028809,14.479999542236328,14.5,28800.0,13.978452682495117
2021-01-25,14.630000114440918,14.539999961853027,14.550000190734863,14.569999694824219,20200.0,14.045933723449707
2021-01-26,14.75,14.630000114440918,14.630000114440918,14.699999809265137,21600.0,14.171258926391602
2021-01-27,14.739999771118164,14.520000457763672,14.710000038146973,14.649999618530273,20300.0,14.123056411743164
2021-01-28,14.75,14.569999694824219,14.649999618530273,14.649999618530273,77100.0,14.123056411743164
2021-01-29,14.710000038146973,14.619999885559082,14.680000305175781,14.680000305175781,53900.0,14.1519775390625
2021-02-01,14.850000381469727,14.619999885559082,14.75,14.8100004196167,62800.0,14.277301788330078
2021-02-02,14.819999694824219,14.65999984741211,14.819999694824219,14.720000267028809,47300.0,14.190539360046387
2021-02-03,14.770000457763672,14.630000114440918,14.680000305175781,14.680000305175781,27600.0,14.1519775390625
2021-02-04,14.720000267028809,14.609999656677246,14.609999656677246,14.640000343322754,18800.0,14.11341667175293
2021-02-05,14.710000038146973,14.649999618530273,14.649999618530273,14.670000076293945,11900.0,14.142334938049316
2021-02-08,14.729999542236328,14.649999618530273,14.710000038146973,14.649999618530273,18800.0,14.123056411743164
2021-02-09,14.670000076293945,14.5600004196167,14.5600004196167,14.670000076293945,55800.0,14.142334938049316
2021-02-10,14.75,14.619999885559082,14.65999984741211,14.649999618530273,24400.0,14.123056411743164
2021-02-11,14.75,14.630000114440918,14.649999618530273,14.729999542236328,20800.0,14.238570213317871
2021-02-12,14.720000267028809,14.579999923706055,14.680000305175781,14.59000015258789,27000.0,14.103241920471191
2021-02-16,14.649999618530273,14.470000267028809,14.649999618530273,14.5600004196167,76600.0,14.07424259185791
2021-02-17,14.5600004196167,14.5,14.5600004196167,14.5,27100.0,14.016243934631348
2021-02-18,14.5,14.430000305175781,14.470000267028809,14.449999809265137,21300.0,13.967910766601562
2021-02-19,14.479999542236328,14.380000114440918,14.4399995803833,14.399999618530273,30000.0,13.919580459594727
2021-02-22,14.449999809265137,14.329999923706055,14.399999618530273,14.350000381469727,34800.0,13.871247291564941
2021-02-23,14.40999984741211,14.3100004196167,14.34000015258789,14.399999618530273,33500.0,13.919580459594727
2021-02-24,14.510000228881836,14.260000228881836,14.40999984741211,14.420000076293945,25800.0,13.938912391662598
2021-02-25,14.579999923706055,14.359999656677246,14.399999618530273,14.430000305175781,20300.0,13.948579788208008
2021-02-26,14.800000190734863,14.420000076293945,14.800000190734863,14.529999732971191,19800.0,14.045241355895996
2021-03-01,14.680000305175781,14.430000305175781,14.550000190734863,14.479999542236328,43400.0,13.996910095214844
2021-03-02,14.539999961853027,14.260000228881836,14.5,14.40999984741211,22000.0,13.92924690246582
2021-03-03,14.460000038146973,14.239999771118164,14.350000381469727,14.239999771118164,23300.0,13.76491641998291
2021-03-04,14.399999618530273,14.239999771118164,14.25,14.270000457763672,32500.0,13.793917655944824
2021-03-05,14.420000076293945,14.279999732971191,14.279999732971191,14.359999656677246,22700.0,13.880913734436035
2021-03-08,14.380000114440918,14.180000305175781,14.380000114440918,14.229999542236328,45900.0,13.75525188446045
2021-03-09,14.350000381469727,14.260000228881836,14.260000228881836,14.289999961853027,11400.0,13.813249588012695
2021-03-10,14.40999984741211,14.270000457763672,14.270000457763672,14.350000381469727,11600.0,13.871247291564941
2021-03-11,14.489999771118164,14.380000114440918,14.489999771118164,14.380000114440918,7800.0,13.900247573852539
2021-03-12,14.390000343322754,14.260000228881836,14.380000114440918,14.279999732971191,35000.0,13.841604232788086
2021-03-15,14.40999984741211,14.239999771118164,14.239999771118164,14.40999984741211,7900.0,13.967613220214844
2021-03-16,14.569999694824219,14.399999618530273,14.399999618530273,14.510000228881836,7200.0,14.064544677734375
2021-03-17,14.569999694824219,14.449999809265137,14.460000038146973,14.510000228881836,14800.0,14.064544677734375
2021-03-18,14.600000381469727,14.420000076293945,14.470000267028809,14.489999771118164,17600.0,14.045157432556152
2021-03-19,14.510000228881836,14.399999618530273,14.470000267028809,14.399999618530273,11100.0,13.957919120788574
2021-03-22,14.479999542236328,14.220000267028809,14.399999618530273,14.25,41700.0,13.812527656555176
2021-03-23,14.34000015258789,14.25,14.289999961853027,14.34000015258789,17400.0,13.899762153625488
2021-03-24,14.380000114440918,14.34000015258789,14.34000015258789,14.380000114440918,22100.0,13.9385347366333
2021-03-25,14.390000343322754,14.350000381469727,14.359999656677246,14.350000381469727,5200.0,13.909457206726074
2021-03-26,14.390000343322754,14.34000015258789,14.369999885559082,14.34000015258789,22000.0,13.899762153625488
2021-03-29,14.59000015258789,14.3100004196167,14.3100004196167,14.460000038146973,21800.0,14.01607894897461
2021-03-30,14.699999809265137,14.399999618530273,14.399999618530273,14.65999984741211,19900.0,14.209939956665039
2021-03-31,14.6899995803833,14.579999923706055,14.630000114440918,14.65999984741211,33000.0,14.209939956665039
2021-04-01,14.699999809265137,14.460000038146973,14.670000076293945,14.510000228881836,63600.0,14.064544677734375
2021-04-05,14.640000343322754,14.529999732971191,14.550000190734863,14.569999694824219,28000.0,14.122699737548828
2021-04-06,14.649999618530273,14.550000190734863,14.550000190734863,14.630000114440918,19800.0,14.18085765838623
2021-04-07,14.75,14.619999885559082,14.630000114440918,14.680000305175781,27400.0,14.229327201843262
2021-04-08,14.710000038146973,14.579999923706055,14.699999809265137,14.649999618530273,20800.0,14.20024585723877
2021-04-09,14.710000038146973,14.640000343322754,14.699999809265137,14.6899995803833,11800.0,14.239017486572266
2021-04-12,14.699999809265137,14.609999656677246,14.680000305175781,14.65999984741211,17600.0,14.209939956665039
2021-04-13,14.710000038146973,14.640000343322754,14.640000343322754,14.670000076293945,8300.0,14.21963119506836
2021-04-14,14.6899995803833,14.5,14.619999885559082,14.550000190734863,21100.0,14.144293785095215
2021-04-15,14.680000305175781,14.630000114440918,14.670000076293945,14.649999618530273,11700.0,14.241504669189453
2021-04-16,14.6899995803833,14.640000343322754,14.6899995803833,14.640000343322754,3000.0,14.231782913208008
2021-04-19,14.6899995803833,14.539999961853027,14.6899995803833,14.619999885559082,10900.0,14.212342262268066
2021-04-20,14.630000114440918,14.510000228881836,14.579999923706055,14.569999694824219,25200.0,14.163734436035156
2021-04-21,14.609999656677246,14.529999732971191,14.609999656677246,14.550000190734863,24500.0,14.144293785095215
2021-04-22,14.579999923706055,14.539999961853027,14.5600004196167,14.539999961853027,6900.0,14.13457202911377
2021-04-23,14.600000381469727,14.520000457763672,14.520000457763672,14.579999923706055,15900.0,14.173456192016602
2021-04-26,14.680000305175781,14.5600004196167,14.579999923706055,14.600000381469727,18800.0,14.192898750305176
2021-04-27,14.75,14.59000015258789,14.59000015258789,14.739999771118164,23100.0,14.328993797302246
2021-04-28,14.710000038146973,14.670000076293945,14.670000076293945,14.710000038146973,9000.0,14.29983139038086
2021-04-29,14.800000190734863,14.65999984741211,14.680000305175781,14.710000038146973,24400.0,14.29983139038086
2021-04-30,14.800000190734863,14.649999618530273,14.800000190734863,14.720000267028809,21500.0,14.309553146362305
2021-05-03,14.779999732971191,14.680000305175781,14.739999771118164,14.710000038146973,34200.0,14.29983139038086
2021-05-04,14.770000457763672,14.710000038146973,14.710000038146973,14.720000267028809,29900.0,14.309553146362305
2021-05-05,14.779999732971191,14.699999809265137,14.710000038146973,14.699999809265137,20800.0,14.290112495422363
2021-05-06,14.920000076293945,14.75,14.75,14.829999923706055,51800.0,14.416485786437988
2021-05-07,14.970000267028809,14.760000228881836,14.880000114440918,14.789999961853027,30400.0,14.377601623535156
2021-05-10,14.880000114440918,14.760000228881836,14.760000228881836,14.760000228881836,14800.0,14.34843635559082
2021-05-11,14.800000190734863,14.649999618530273,14.779999732971191,14.760000228881836,25500.0,14.34843635559082
2021-05-12,14.75,14.640000343322754,14.75,14.65999984741211,28100.0,14.251225471496582
2021-05-13,14.619999885559082,14.520000457763672,14.619999885559082,14.550000190734863,38700.0,14.18590259552002
2021-05-14,14.670000076293945,14.539999961853027,14.539999961853027,14.600000381469727,16600.0,14.234651565551758
2021-05-17,14.59000015258789,14.5600004196167,14.59000015258789,14.59000015258789,27400.0,14.224900245666504
2021-05-18,14.640000343322754,14.59000015258789,14.59000015258789,14.619999885559082,12600.0,14.254151344299316
2021-05-19,14.630000114440918,14.569999694824219,14.569999694824219,14.600000381469727,25100.0,14.234651565551758
2021-05-20,14.8100004196167,14.59000015258789,14.59000015258789,14.729999542236328,21400.0,14.361397743225098
2021-05-21,14.760000228881836,14.6899995803833,14.699999809265137,14.6899995803833,4200.0,14.32239818572998
2021-05-24,14.760000228881836,14.600000381469727,14.6899995803833,14.600000381469727,39500.0,14.234651565551758
2021-05-25,14.699999809265137,14.609999656677246,14.630000114440918,14.65999984741211,19400.0,14.2931489944458
2021-05-26,14.760000228881836,14.710000038146973,14.75,14.739999771118164,19200.0,14.371147155761719
2021-05-27,14.829999923706055,14.699999809265137,14.829999923706055,14.800000190734863,31200.0,14.429646492004395
2021-05-28,14.819999694824219,14.770000457763672,14.819999694824219,14.819999694824219,10200.0,14.449145317077637
2021-06-01,14.880000114440918,14.770000457763672,14.84000015258789,14.800000190734863,10700.0,14.429646492004395
2021-06-02,14.899999618530273,14.720000267028809,14.789999961853027,14.75,17200.0,14.380897521972656
2021-06-03,14.880000114440918,14.699999809265137,14.779999732971191,14.710000038146973,52500.0,14.341898918151855
2021-06-04,14.779999732971191,14.699999809265137,14.779999732971191,14.710000038146973,16900.0,14.341898918151855
2021-06-07,14.75,14.720000267028809,14.720000267028809,14.739999771118164,4900.0,14.371147155761719
2021-06-08,14.829999923706055,14.729999542236328,14.729999542236328,14.819999694824219,21300.0,14.449145317077637
2021-06-09,14.890000343322754,14.829999923706055,14.829999923706055,14.880000114440918,5700.0,14.507645606994629
2021-06-10,14.890000343322754,14.779999732971191,14.850000381469727,14.880000114440918,12300.0,14.507645606994629
2021-06-11,14.960000038146973,14.880000114440918,14.960000038146973,14.890000343322754,7600.0,14.517394065856934
2021-06-14,14.970000267028809,14.800000190734863,14.899999618530273,14.8100004196167,7500.0,14.480727195739746
2021-06-15,14.800000190734863,14.739999771118164,14.789999961853027,14.739999771118164,34100.0,14.412283897399902
2021-06-16,14.779999732971191,14.699999809265137,14.779999732971191,14.720000267028809,10600.0,14.392729759216309
2021-06-17,14.770000457763672,14.729999542236328,14.729999542236328,14.770000457763672,15900.0,14.441617965698242
2021-06-18,14.770000457763672,14.720000267028809,14.75,14.760000228881836,5800.0,14.431838989257812
2021-06-21,14.779999732971191,14.699999809265137,14.75,14.739999771118164,11200.0,14.412283897399902
2021-06-22,14.819999694824219,14.720000267028809,14.739999771118164,14.819999694824219,30000.0,14.49050521850586
2021-06-23,14.989999771118164,14.699999809265137,14.789999961853027,14.880000114440918,70100.0,14.549173355102539
2021-06-24,14.979999542236328,14.829999923706055,14.899999618530273,14.930000305175781,9800.0,14.598061561584473
2021-06-25,14.989999771118164,14.880000114440918,14.949999809265137,14.949999809265137,10300.0,14.61761474609375
2021-06-28,15.039999961853027,14.960000038146973,15.039999961853027,14.989999771118164,8300.0,14.65672492980957
2021-06-29,15.029999732971191,14.850000381469727,14.989999771118164,14.989999771118164,9700.0,14.65672492980957
2021-06-30,15.0,14.920000076293945,15.0,14.989999771118164,8400.0,14.65672492980957
2021-07-01,14.989999771118164,14.829999923706055,14.989999771118164,14.84000015258789,32600.0,14.510062217712402
2021-07-02,14.90999984741211,14.859999656677246,14.859999656677246,14.899999618530273,5900.0,14.568726539611816
2021-07-06,14.970000267028809,14.859999656677246,14.859999656677246,14.899999618530273,17400.0,14.568726539611816
2021-07-07,14.970000267028809,14.890000343322754,14.899999618530273,14.90999984741211,19000.0,14.578503608703613
2021-07-08,15.0,14.920000076293945,14.920000076293945,14.960000038146973,33100.0,14.627392768859863
2021-07-09,15.050000190734863,14.9399995803833,14.9399995803833,14.970000267028809,21600.0,14.637171745300293
2021-07-12,15.699999809265137,15.0,15.699999809265137,15.0600004196167,35400.0,14.725171089172363
2021-07-13,15.0600004196167,14.930000305175781,15.020000457763672,14.960000038146973,32400.0,14.627392768859863
2021-07-14,15.119999885559082,14.920000076293945,15.119999885559082,14.9399995803833,13600.0,14.649945259094238
2021-07-15,15.010000228881836,14.890000343322754,14.9399995803833,14.920000076293945,16900.0,14.630335807800293
2021-07-16,14.9399995803833,14.8100004196167,14.920000076293945,14.8100004196167,22200.0,14.522470474243164
2021-07-19,14.949999809265137,14.84000015258789,14.84000015258789,14.90999984741211,13400.0,14.620528221130371
2021-07-20,14.960000038146973,14.880000114440918,14.920000076293945,14.880000114440918,11100.0,14.59111213684082
2021-07-21,15.109999656677246,14.819999694824219,14.90999984741211,14.850000381469727,30900.0,14.561695098876953
2021-07-22,15.15999984741211,14.859999656677246,14.859999656677246,15.029999732971191,16900.0,14.738200187683105
2021-07-23,15.0,14.859999656677246,14.9399995803833,14.90999984741211,4700.0,14.620528221130371
2021-07-26,14.949999809265137,14.869999885559082,14.949999809265137,14.9399995803833,10900.0,14.649945259094238
2021-07-27,14.960000038146973,14.869999885559082,14.960000038146973,14.869999885559082,12500.0,14.581305503845215
2021-07-28,15.0600004196167,14.880000114440918,14.880000114440918,15.020000457763672,12700.0,14.728394508361816
2021-07-29,15.09000015258789,15.010000228881836,15.09000015258789,15.050000190734863,21500.0,14.757810592651367
2021-07-30,15.069999694824219,15.020000457763672,15.050000190734863,15.050000190734863,16500.0,14.757810592651367
2021-08-02,15.09000015258789,15.050000190734863,15.09000015258789,15.050000190734863,10200.0,14.757810592651367
2021-08-03,15.039999961853027,14.970000267028809,14.970000267028809,14.989999771118164,10600.0,14.698974609375
2021-08-04,15.0,14.960000038146973,14.989999771118164,14.960000038146973,17400.0,14.669557571411133
2021-08-05,14.979999542236328,14.960000038146973,14.970000267028809,14.979999542236328,5200.0,14.689168930053711
2021-08-06,15.010000228881836,14.90999984741211,15.0,14.930000305175781,25800.0,14.640140533447266
2021-08-09,15.0,14.90999984741211,15.0,14.970000267028809,21200.0,14.679365158081055
2021-08-10,15.0,14.899999618530273,14.899999618530273,15.0,3900.0,14.708782196044922
2021-08-11,15.039999961853027,14.960000038146973,15.0,14.989999771118164,22200.0,14.698974609375
2021-08-12,14.989999771118164,14.920000076293945,14.970000267028809,14.979999542236328,8200.0,14.730934143066406
2021-08-13,15.0,14.920000076293945,14.989999771118164,14.949999809265137,21800.0,14.701434135437012
2021-08-16,14.960000038146973,14.890000343322754,14.920000076293945,14.920000076293945,10200.0,14.671934127807617
2021-08-17,14.989999771118164,14.899999618530273,14.989999771118164,14.9399995803833,13600.0,14.691598892211914
2021-08-18,14.989999771118164,14.949999809265137,14.970000267028809,14.970000267028809,2400.0,14.721101760864258
2021-08-19,14.979999542236328,14.899999618530273,14.949999809265137,14.930000305175781,10000.0,14.681766510009766
2021-08-20,14.979999542236328,14.869999885559082,14.949999809265137,14.890000343322754,26400.0,14.64243221282959
2021-08-23,14.979999542236328,14.880000114440918,14.949999809265137,14.920000076293945,29700.0,14.671934127807617
2021-08-24,14.970000267028809,14.920000076293945,14.9399995803833,14.920000076293945,19600.0,14.671934127807617
2021-08-25,14.949999809265137,14.850000381469727,14.949999809265137,14.930000305175781,17700.0,14.681766510009766
2021-08-26,15.050000190734863,14.880000114440918,14.890000343322754,14.979999542236328,34400.0,14.730934143066406
2021-08-27,14.989999771118164,14.949999809265137,14.979999542236328,14.960000038146973,17100.0,14.711267471313477
2021-08-30,14.979999542236328,14.880000114440918,14.979999542236328,14.880000114440918,16600.0,14.632598876953125
2021-08-31,14.970000267028809,14.899999618530273,14.9399995803833,14.960000038146973,12600.0,14.711267471313477
2021-09-01,14.989999771118164,14.920000076293945,14.970000267028809,14.970000267028809,57100.0,14.721101760864258
2021-09-02,14.989999771118164,14.930000305175781,14.9399995803833,14.960000038146973,17500.0,14.711267471313477
2021-09-03,15.0,14.890000343322754,14.949999809265137,14.949999809265137,40800.0,14.701434135437012
2021-09-07,14.960000038146973,14.850000381469727,14.960000038146973,14.890000343322754,9000.0,14.64243221282959
2021-09-08,14.949999809265137,14.859999656677246,14.90999984741211,14.899999618530273,47200.0,14.652264595031738
2021-09-09,14.989999771118164,14.850000381469727,14.850000381469727,14.880000114440918,11400.0,14.632598876953125
2021-09-10,15.0,14.880000114440918,15.0,14.90999984741211,26800.0,14.66209888458252
2021-09-13,14.979999542236328,14.859999656677246,14.859999656677246,14.970000267028809,17000.0,14.721101760864258
2021-09-14,15.0,14.90999984741211,15.0,14.9399995803833,35700.0,14.733428955078125
2021-09-15,14.960000038146973,14.9399995803833,14.949999809265137,14.9399995803833,6500.0,14.733428955078125
2021-09-16,15.0,14.9399995803833,14.989999771118164,14.970000267028809,18600.0,14.763014793395996
2021-09-17,14.979999542236328,14.789999961853027,14.920000076293945,14.819999694824219,31300.0,14.615086555480957
2021-09-20,14.899999618530273,14.8100004196167,14.850000381469727,14.8100004196167,17700.0,14.605226516723633
2021-09-21,14.930000305175781,14.789999961853027,14.829999923706055,14.869999885559082,16900.0,14.664395332336426
2021-09-22,14.869999885559082,14.789999961853027,14.869999885559082,14.800000190734863,14500.0,14.595364570617676
2021-09-23,14.880000114440918,14.800000190734863,14.800000190734863,14.8100004196167,13200.0,14.605226516723633
2021-09-24,14.869999885559082,14.710000038146973,14.84000015258789,14.800000190734863,21900.0,14.595364570617676
2021-09-27,14.850000381469727,14.75,14.850000381469727,14.760000228881836,17300.0,14.555916786193848
2021-09-28,14.8100004196167,14.710000038146973,14.739999771118164,14.8100004196167,13300.0,14.605226516723633
2021-09-29,14.880000114440918,14.699999809265137,14.869999885559082,14.720000267028809,25100.0,14.516471862792969
2021-09-30,14.819999694824219,14.670000076293945,14.760000228881836,14.670000076293945,19000.0,14.4671630859375
2021-10-01,14.770000457763672,14.699999809265137,14.729999542236328,14.699999809265137,5100.0,14.496747970581055
2021-10-04,14.800000190734863,14.6899995803833,14.699999809265137,14.710000038146973,21500.0,14.506609916687012
2021-10-05,14.829999923706055,14.720000267028809,14.760000228881836,14.789999961853027,32100.0,14.585502624511719
2021-10-06,14.800000190734863,14.550000190734863,14.800000190734863,14.630000114440918,18900.0,14.427715301513672
2021-10-07,14.800000190734863,14.640000343322754,14.640000343322754,14.75,32700.0,14.546055793762207
2021-10-08,14.770000457763672,14.75,14.75,14.75,4500.0,14.546055793762207
2021-10-11,14.90999984741211,14.710000038146973,14.90999984741211,14.710000038146973,20900.0,14.506609916687012
2021-10-12,14.760000228881836,14.710000038146973,14.710000038146973,14.710000038146973,1800.0,14.506609916687012
2021-10-13,14.859999656677246,14.569999694824219,14.710000038146973,14.84000015258789,38400.0,14.634811401367188
2021-10-14,14.770000457763672,14.619999885559082,14.770000457763672,14.720000267028809,10800.0,14.5581636428833
2021-10-15,14.84000015258789,14.710000038146973,14.720000267028809,14.789999961853027,30200.0,14.627394676208496
2021-10-18,14.779999732971191,14.720000267028809,14.720000267028809,14.770000457763672,17700.0,14.607614517211914
2021-10-19,14.770000457763672,14.5600004196167,14.770000457763672,14.569999694824219,17700.0,14.409812927246094
2021-10-20,14.699999809265137,14.630000114440918,14.630000114440918,14.65999984741211,39800.0,14.498823165893555
2021-10-21,14.729999542236328,14.619999885559082,14.649999618530273,14.729999542236328,13600.0,14.568053245544434
2021-10-22,14.739999771118164,14.630000114440918,14.729999542236328,14.670000076293945,3600.0,14.508712768554688
2021-10-25,14.699999809265137,14.5600004196167,14.649999618530273,14.640000343322754,17600.0,14.479044914245605
2021-10-26,14.609999656677246,14.569999694824219,14.600000381469727,14.569999694824219,10000.0,14.409812927246094
2021-10-27,14.619999885559082,14.550000190734863,14.619999885559082,14.579999923706055,9200.0,14.419702529907227
2021-10-28,14.619999885559082,14.460000038146973,14.579999923706055,14.539999961853027,14600.0,14.380143165588379
2021-10-29,14.84000015258789,14.539999961853027,14.539999961853027,14.75,21400.0,14.587834358215332
2021-11-01,14.779999732971191,14.680000305175781,14.779999732971191,14.729999542236328,12700.0,14.568053245544434
2021-11-02,14.779999732971191,14.6899995803833,14.729999542236328,14.779999732971191,5200.0,14.61750316619873
2021-11-03,14.770000457763672,14.609999656677246,14.770000457763672,14.6899995803833,19000.0,14.528491973876953
2021-11-04,14.960000038146973,14.640000343322754,14.699999809265137,14.800000190734863,27700.0,14.637284278869629
2021-11-05,15.0,14.75,15.0,14.869999885559082,31500.0,14.706514358520508
2021-11-08,15.0,14.6899995803833,15.0,14.829999923706055,25700.0,14.666954040527344
2021-11-09,14.859999656677246,14.829999923706055,14.850000381469727,14.850000381469727,32000.0,14.686735153198242
2021-11-10,14.949999809265137,14.819999694824219,14.930000305175781,14.829999923706055,13800.0,14.666954040527344
2021-11-11,15.119999885559082,14.710000038146973,14.829999923706055,14.789999961853027,23300.0,14.627394676208496
2021-11-12,14.84000015258789,14.609999656677246,14.84000015258789,14.789999961853027,20300.0,14.669548034667969
2021-11-15,14.789999961853027,14.699999809265137,14.789999961853027,14.739999771118164,17800.0,14.619954109191895
2021-11-16,14.920000076293945,14.729999542236328,14.729999542236328,14.789999961853027,26700.0,14.669548034667969
2021-11-17,15.1899995803833,14.699999809265137,14.819999694824219,14.880000114440918,50800.0,14.75881576538086
2021-11-18,14.859999656677246,14.800000190734863,14.8100004196167,14.829999923706055,12500.0,14.709220886230469
2021-11-19,14.869999885559082,14.779999732971191,14.850000381469727,14.869999885559082,27400.0,14.748895645141602
2021-11-22,14.920000076293945,14.729999542236328,14.800000190734863,14.84000015258789,17400.0,14.71914005279541
2021-11-23,14.949999809265137,14.59000015258789,14.949999809265137,14.699999809265137,25000.0,14.580280303955078
2021-11-24,14.829999923706055,14.65999984741211,14.670000076293945,14.770000457763672,11700.0,14.649710655212402
2021-11-26,14.829999923706055,14.600000381469727,14.760000228881836,14.770000457763672,10300.0,14.649710655212402
2021-11-29,14.869999885559082,14.729999542236328,14.869999885559082,14.800000190734863,13800.0,14.679466247558594
2021-11-30,14.859999656677246,14.65999984741211,14.859999656677246,14.760000228881836,32400.0,14.639791488647461
2021-12-01,14.949999809265137,14.720000267028809,14.9399995803833,14.779999732971191,9600.0,14.659627914428711
2021-12-02,14.899999618530273,14.739999771118164,14.739999771118164,14.880000114440918,11800.0,14.75881576538086
2021-12-03,14.960000038146973,14.84000015258789,14.84000015258789,14.859999656677246,14400.0,14.738977432250977
2021-12-06,14.90999984741211,14.859999656677246,14.869999885559082,14.90999984741211,20500.0,14.788570404052734
2021-12-07,15.069999694824219,14.850000381469727,14.869999885559082,14.989999771118164,32900.0,14.867918968200684
2021-12-08,15.0600004196167,14.819999694824219,14.979999542236328,15.010000228881836,46800.0,14.88775634765625
2021-12-09,15.09000015258789,14.930000305175781,14.930000305175781,14.979999542236328,37300.0,14.858000755310059
2021-12-10,15.0,14.930000305175781,14.989999771118164,14.930000305175781,3800.0,14.8084077835083
2021-12-13,15.0,14.84000015258789,14.920000076293945,14.90999984741211,24900.0,14.788570404052734
2021-12-14,14.920000076293945,14.789999961853027,14.90999984741211,14.850000381469727,17500.0,14.771162986755371
2021-12-15,15.09000015258789,14.770000457763672,14.850000381469727,14.800000190734863,33700.0,14.721427917480469
2021-12-16,14.90999984741211,14.800000190734863,14.8100004196167,14.869999885559082,11000.0,14.791056632995605
2021-12-17,14.899999618530273,14.850000381469727,14.890000343322754,14.899999618530273,4100.0,14.820897102355957
2021-12-20,15.0,14.890000343322754,14.899999618530273,14.90999984741211,16200.0,14.83084487915039
2021-12-21,14.890000343322754,14.880000114440918,14.890000343322754,14.890000343322754,3000.0,14.810951232910156
2021-12-22,14.90999984741211,14.859999656677246,14.859999656677246,14.859999656677246,12400.0,14.781109809875488
2021-12-23,15.0,14.859999656677246,14.859999656677246,14.949999809265137,64100.0,14.870631217956543
2021-12-27,15.050000190734863,14.949999809265137,15.050000190734863,14.960000038146973,4000.0,14.880578994750977
2021-12-28,15.010000228881836,14.949999809265137,15.010000228881836,14.949999809265137,17700.0,14.870631217956543
2021-12-29,15.029999732971191,14.84000015258789,15.029999732971191,14.869999885559082,23800.0,14.791056632995605
2021-12-30,15.050000190734863,14.729999542236328,14.829999923706055,14.970000267028809,27900.0,14.890525817871094
2021-12-31,15.050000190734863,14.75,15.050000190734863,14.75,12100.0,14.671693801879883
2022-01-03,15.100000381469727,14.760000228881836,15.100000381469727,14.779999732971191,21700.0,14.701534271240234
2022-01-04,14.779999732971191,14.670000076293945,14.779999732971191,14.739999771118164,14500.0,14.661746978759766
2022-01-05,14.770000457763672,14.6899995803833,14.720000267028809,14.699999809265137,29700.0,14.62195873260498
2022-01-06,14.90999984741211,14.6899995803833,14.699999809265137,14.6899995803833,26800.0,14.612011909484863
2022-01-07,14.84000015258789,14.630000114440918,14.720000267028809,14.630000114440918,30900.0,14.55233097076416
2022-01-10,14.800000190734863,14.640000343322754,14.699999809265137,14.65999984741211,28700.0,14.582171440124512
2022-01-11,14.720000267028809,14.640000343322754,14.670000076293945,14.710000038146973,34900.0,14.631906509399414
2022-01-12,15.0,14.65999984741211,15.0,14.880000114440918,9100.0,14.801003456115723
2022-01-13,15.0,14.760000228881836,14.960000038146973,14.760000228881836,10800.0,14.7197265625
2022-01-14,14.989999771118164,14.619999885559082,14.800000190734863,14.670000076293945,53400.0,14.629971504211426
2022-01-18,14.75,14.369999885559082,14.75,14.369999885559082,34100.0,14.330790519714355
2022-01-19,14.390000343322754,14.180000305175781,14.390000343322754,14.359999656677246,38700.0,14.320816993713379
2022-01-20,14.640000343322754,14.3100004196167,14.319999694824219,14.420000076293945,35000.0,14.380654335021973
2022-01-21,14.430000305175781,14.239999771118164,14.359999656677246,14.300000190734863,41800.0,14.260981559753418
2022-01-24,14.4399995803833,14.130000114440918,14.34000015258789,14.319999694824219,35400.0,14.280926704406738
2022-01-25,14.5600004196167,14.1899995803833,14.25,14.520000457763672,22500.0,14.48038101196289
2022-01-26,14.5,14.220000267028809,14.5,14.479999542236328,47500.0,14.440489768981934
2022-01-27,14.430000305175781,14.319999694824219,14.430000305175781,14.329999923706055,25400.0,14.290899276733398
2022-01-28,14.739999771118164,14.15999984741211,14.739999771118164,14.329999923706055,25800.0,14.290899276733398
2022-01-31,14.369999885559082,14.260000228881836,14.329999923706055,14.369999885559082,6900.0,14.330790519714355
2022-02-01,14.529999732971191,14.260000228881836,14.390000343322754,14.430000305175781,28700.0,14.390626907348633
2022-02-02,14.449999809265137,14.34000015258789,14.449999809265137,14.34000015258789,24200.0,14.300871849060059
2022-02-03,14.359999656677246,14.229999542236328,14.359999656677246,14.25,9800.0,14.2111177444458
2022-02-04,14.75,14.09000015258789,14.75,14.109999656677246,13700.0,14.071499824523926
2022-02-07,14.75,14.3100004196167,14.75,14.3100004196167,17700.0,14.270954132080078
2022-02-08,14.3100004196167,14.1899995803833,14.300000190734863,14.25,23900.0,14.2111177444458
2022-02-09,14.319999694824219,14.229999542236328,14.229999542236328,14.289999961853027,3000.0,14.251008987426758
2022-02-10,14.609999656677246,14.140000343322754,14.289999961853027,14.180000305175781,37300.0,14.141308784484863
2022-02-11,14.380000114440918,14.109999656677246,14.380000114440918,14.109999656677246,20800.0,14.071499824523926
2022-02-14,14.229999542236328,13.970000267028809,14.229999542236328,14.010000228881836,8100.0,14.010000228881836
2022-02-15,14.319999694824219,13.979999542236328,14.0600004196167,14.050000190734863,16900.0,14.050000190734863
2022-02-16,14.130000114440918,13.850000381469727,14.130000114440918,13.9399995803833,21900.0,13.9399995803833
2022-02-17,14.029999732971191,13.869999885559082,13.920000076293945,13.899999618530273,11000.0,13.899999618530273
2022-02-18,14.140000343322754,13.850000381469727,13.9399995803833,14.020000457763672,19400.0,14.020000457763672
2022-02-22,14.020000457763672,13.84000015258789,14.020000457763672,13.84000015258789,5900.0,13.84000015258789
2022-02-23,13.899999618530273,13.619999885559082,13.850000381469727,13.619999885559082,72800.0,13.619999885559082
2022-02-24,13.84000015258789,13.649999618530273,13.649999618530273,13.779999732971191,13100.0,13.779999732971191
2022-02-25,13.899999618530273,13.779999732971191,13.779999732971191,13.859999656677246,31800.0,13.859999656677246
2022-02-28,14.0,13.84000015258789,13.989999771118164,13.9399995803833,69000.0,13.9399995803833
2022-03-01,14.239999771118164,13.920000076293945,14.239999771118164,14.050000190734863,27300.0,14.050000190734863
2022-03-02,14.109999656677246,13.869999885559082,14.109999656677246,14.0600004196167,18300.0,14.0600004196167
2022-03-03,14.130000114440918,14.010000228881836,14.119999885559082,14.119999885559082,3200.0,14.119999885559082
2022-03-04,14.109999656677246,13.979999542236328,14.079999923706055,14.020000457763672,29300.0,14.020000457763672
2022-03-07,14.119999885559082,13.930000305175781,14.119999885559082,13.979999542236328,24000.0,13.979999542236328
2022-03-08,14.119999885559082,13.890000343322754,14.119999885559082,13.90999984741211,8500.0,13.90999984741211
2022-03-09,14.020000457763672,13.850000381469727,13.979999542236328,13.920000076293945,10600.0,13.920000076293945
2022-03-10,14.050000190734863,13.880000114440918,14.050000190734863,13.899999618530273,7800.0,13.899999618530273
2022-03-11,14.119999885559082,13.760000228881836,14.119999885559082,13.800000190734863,11700.0,13.800000190734863
2022-03-14,14.029999732971191,13.65999984741211,14.029999732971191,13.720000267028809,8900.0,13.720000267028809
2022-03-15,13.859999656677246,13.649999618530273,13.859999656677246,13.65999984741211,17900.0,13.65999984741211
2022-03-16,13.800000190734863,13.600000381469727,13.720000267028809,13.779999732971191,26200.0,13.779999732971191
2022-03-17,13.819999694824219,13.680000305175781,13.819999694824219,13.710000038146973,15600.0,13.710000038146973
2022-03-18,13.800000190734863,13.729999542236328,13.789999961853027,13.729999542236328,8900.0,13.729999542236328
2022-03-21,13.729999542236328,13.609999656677246,13.65999984741211,13.65999984741211,8700.0,13.65999984741211
2022-03-22,13.800000190734863,13.569999694824219,13.65999984741211,13.609999656677246,33700.0,13.609999656677246
2022-03-23,13.789999961853027,13.579999923706055,13.609999656677246,13.6899995803833,24000.0,13.6899995803833
2022-03-24,13.75,13.319999694824219,13.75,13.520000457763672,37100.0,13.520000457763672
2022-03-25,13.6899995803833,13.460000038146973,13.670000076293945,13.470000267028809,17100.0,13.470000267028809
2022-03-28,13.739999771118164,13.420000076293945,13.4399995803833,13.420000076293945,58000.0,13.420000076293945
2022-03-29,13.640000343322754,13.34000015258789,13.520000457763672,13.600000381469727,35100.0,13.600000381469727
2022-03-30,13.75,13.5600004196167,13.720000267028809,13.600000381469727,17300.0,13.600000381469727
2022-03-31,13.699999809265137,13.5,13.640000343322754,13.5600004196167,33000.0,13.5600004196167
2022-04-01,13.930000305175781,13.609999656677246,13.699999809265137,13.90999984741211,17300.0,13.90999984741211
2022-04-04,13.970000267028809,13.630000114440918,13.960000038146973,13.710000038146973,13900.0,13.710000038146973
2022-04-05,13.869999885559082,13.3100004196167,13.859999656677246,13.390000343322754,44600.0,13.390000343322754
2022-04-06,13.670000076293945,13.350000381469727,13.670000076293945,13.59000015258789,31900.0,13.59000015258789
2022-04-07,13.569999694824219,13.470000267028809,13.569999694824219,13.470000267028809,10400.0,13.470000267028809
2022-04-08,13.550000190734863,13.25,13.520000457763672,13.34000015258789,94000.0,13.34000015258789
2022-04-11,13.4399995803833,13.199999809265137,13.25,13.220000267028809,25500.0,13.220000267028809
2022-04-12,13.350000381469727,13.199999809265137,13.229999542236328,13.229999542236328,16600.0,13.229999542236328
2022-04-13,13.319999694824219,13.140000343322754,13.229999542236328,13.319999694824219,18500.0,13.319999694824219
2022-04-14,13.390000343322754,13.09000015258789,13.390000343322754,13.130000114440918,28500.0,13.130000114440918
2022-04-18,13.239999771118164,12.899999618530273,13.180000305175781,13.010000228881836,21400.0,13.010000228881836
2022-04-19,13.199999809265137,12.930000305175781,12.930000305175781,13.0,21300.0,13.0
2022-04-20,13.170000076293945,12.880000114440918,13.029999732971191,12.979999542236328,68600.0,12.979999542236328
2022-04-21,13.010000228881836,12.899999618530273,13.0,12.920000076293945,15000.0,12.920000076293945
2022-04-22,13.0600004196167,12.920000076293945,12.9399995803833,12.920000076293945,11400.0,12.920000076293945
2022-04-25,13.0,12.880000114440918,12.880000114440918,12.9399995803833,51100.0,12.9399995803833
2022-04-26,13.050000190734863,12.880000114440918,13.020000457763672,12.90999984741211,17100.0,12.90999984741211
2022-04-27,13.109999656677246,12.869999885559082,13.109999656677246,12.920000076293945,29600.0,12.920000076293945
2022-04-28,13.050000190734863,12.880000114440918,12.989999771118164,13.029999732971191,33900.0,13.029999732971191
2022-04-29,13.319999694824219,12.880000114440918,13.039999961853027,12.920000076293945,31900.0,12.920000076293945
2022-05-02,13.430000305175781,12.960000038146973,13.380000114440918,13.050000190734863,17700.0,13.050000190734863
2022-05-03,13.289999961853027,12.979999542236328,13.289999961853027,13.09000015258789,14100.0,13.09000015258789
2022-05-04,13.220000267028809,12.869999885559082,13.199999809265137,12.90999984741211,37400.0,12.90999984741211
2022-05-05,12.979999542236328,12.8100004196167,12.890000343322754,12.930000305175781,49300.0,12.930000305175781
2022-05-06,13.109999656677246,12.819999694824219,12.970000267028809,12.829999923706055,26600.0,12.829999923706055
2022-05-09,12.899999618530273,12.680000305175781,12.899999618530273,12.680000305175781,54400.0,12.680000305175781
2022-05-10,12.930000305175781,12.710000038146973,12.850000381469727,12.930000305175781,40500.0,12.930000305175781
2022-05-11,12.960000038146973,12.850000381469727,12.899999618530273,12.859999656677246,28200.0,12.859999656677246
2022-05-12,15.710000038146973,12.770000457763672,15.710000038146973,12.770000457763672,9400.0,12.770000457763672
2022-05-13,12.739999771118164,12.630000114440918,12.6899995803833,12.65999984741211,12900.0,12.65999984741211
2022-05-16,12.819999694824219,12.579999923706055,12.579999923706055,12.729999542236328,24700.0,12.729999542236328
2022-05-17,12.989999771118164,12.619999885559082,12.739999771118164,12.989999771118164,73000.0,12.989999771118164
2022-05-18,12.880000114440918,12.529999732971191,12.869999885559082,12.579999923706055,32700.0,12.579999923706055
2022-05-19,12.609999656677246,12.5,12.5,12.59000015258789,25600.0,12.59000015258789
2022-05-20,12.729999542236328,12.520000457763672,12.680000305175781,12.569999694824219,28200.0,12.569999694824219
2022-05-23,12.609999656677246,12.520000457763672,12.609999656677246,12.5600004196167,17900.0,12.5600004196167
2022-05-24,12.789999961853027,12.550000190734863,12.670000076293945,12.699999809265137,18400.0,12.699999809265137
2022-05-25,12.949999809265137,12.65999984741211,12.779999732971191,12.949999809265137,27100.0,12.949999809265137
2022-05-26,13.069999694824219,12.970000267028809,12.970000267028809,13.020000457763672,15900.0,13.020000457763672
2022-05-27,13.25,13.079999923706055,13.079999923706055,13.25,21500.0,13.25
2022-05-31,13.199999809265137,13.029999732971191,13.180000305175781,13.149999618530273,23000.0,13.149999618530273
2022-06-01,13.329999923706055,13.100000381469727,13.329999923706055,13.140000343322754,24300.0,13.140000343322754
2022-06-02,13.359999656677246,13.140000343322754,13.260000228881836,13.359999656677246,25000.0,13.359999656677246
2022-06-03,13.319999694824219,12.949999809265137,13.319999694824219,13.09000015258789,30800.0,13.09000015258789
2022-06-06,13.1899995803833,13.09000015258789,13.109999656677246,13.15999984741211,12900.0,13.15999984741211
2022-06-07,13.279999732971191,13.09000015258789,13.210000038146973,13.279999732971191,16100.0,13.279999732971191
2022-06-08,13.859999656677246,13.270000457763672,13.289999961853027,13.300000190734863,37800.0,13.300000190734863
2022-06-09,13.239999771118164,13.039999961853027,13.109999656677246,13.039999961853027,14800.0,13.039999961853027
2022-06-10,13.130000114440918,12.960000038146973,13.100000381469727,13.010000228881836,6600.0,13.010000228881836
2022-06-13,13.1899995803833,12.710000038146973,13.1899995803833,12.710000038146973,22500.0,12.710000038146973
2022-06-14,13.039999961853027,12.460000038146973,13.039999961853027,12.5,35900.0,12.5
2022-06-15,12.869999885559082,12.5,12.600000381469727,12.600000381469727,26600.0,12.600000381469727
2022-06-16,12.600000381469727,12.449999809265137,12.550000190734863,12.539999961853027,30500.0,12.539999961853027
2022-06-17,12.680000305175781,12.539999961853027,12.640000343322754,12.600000381469727,13700.0,12.600000381469727
2022-06-21,12.739999771118164,12.489999771118164,12.539999961853027,12.670000076293945,73900.0,12.670000076293945
2022-06-22,12.699999809265137,12.520000457763672,12.579999923706055,12.539999961853027,33500.0,12.539999961853027
2022-06-23,12.649999618530273,12.539999961853027,12.550000190734863,12.569999694824219,27300.0,12.569999694824219
2022-06-24,12.720000267028809,12.520000457763672,12.630000114440918,12.630000114440918,58500.0,12.630000114440918
2022-06-27,12.90999984741211,12.65999984741211,12.65999984741211,12.779999732971191,22900.0,12.779999732971191
2022-06-28,12.920000076293945,12.579999923706055,12.84000015258789,12.65999984741211,22800.0,12.65999984741211
2022-06-29,12.880000114440918,12.680000305175781,12.880000114440918,12.739999771118164,20000.0,12.739999771118164
2022-06-30,12.880000114440918,12.699999809265137,12.819999694824219,12.720000267028809,40700.0,12.720000267028809
2022-07-01,12.9399995803833,12.819999694824219,12.899999618530273,12.859999656677246,15100.0,12.859999656677246
2022-07-05,12.880000114440918,12.8100004196167,12.880000114440918,12.850000381469727,10400.0,12.850000381469727
2022-07-06,12.989999771118164,12.850000381469727,12.850000381469727,12.970000267028809,16900.0,12.970000267028809
2022-07-07,12.989999771118164,12.90999984741211,12.960000038146973,12.920000076293945,7600.0,12.920000076293945
2022-07-08,12.970000267028809,12.869999885559082,12.970000267028809,12.9399995803833,12200.0,12.9399995803833
2022-07-11,13.0600004196167,12.970000267028809,12.989999771118164,13.010000228881836,5900.0,13.010000228881836
2022-07-12,13.0600004196167,12.90999984741211,13.0600004196167,13.010000228881836,7000.0,13.010000228881836
2022-07-13,13.039999961853027,12.890000343322754,12.970000267028809,13.010000228881836,32500.0,13.010000228881836
2022-07-14,12.920000076293945,12.819999694824219,12.90999984741211,12.829999923706055,29000.0,12.829999923706055
2022-07-15,12.9399995803833,12.859999656677246,12.930000305175781,12.899999618530273,14500.0,12.899999618530273
2022-07-18,12.920000076293945,12.859999656677246,12.920000076293945,12.869999885559082,9100.0,12.869999885559082
2022-07-19,12.920000076293945,12.890000343322754,12.920000076293945,12.890000343322754,7000.0,12.890000343322754
2022-07-20,12.930000305175781,12.880000114440918,12.899999618530273,12.899999618530273,31400.0,12.899999618530273
2022-07-21,12.9399995803833,12.850000381469727,12.9399995803833,12.899999618530273,7500.0,12.899999618530273
2022-07-22,12.960000038146973,12.880000114440918,12.9399995803833,12.90999984741211,43200.0,12.90999984741211
2022-07-25,12.989999771118164,12.880000114440918,12.90999984741211,12.989999771118164,45600.0,12.989999771118164
2022-07-26,13.029999732971191,12.920000076293945,13.029999732971191,12.979999542236328,24400.0,12.979999542236328
2022-07-27,13.069999694824219,12.960000038146973,12.989999771118164,13.039999961853027,32300.0,13.039999961853027
2022-07-28,13.130000114440918,13.029999732971191,13.0600004196167,13.109999656677246,17500.0,13.109999656677246
2022-07-29,13.220000267028809,13.130000114440918,13.149999618530273,13.210000038146973,19700.0,13.210000038146973
2022-08-01,13.300000190734863,13.210000038146973,13.210000038146973,13.270000457763672,20900.0,13.270000457763672
2022-08-02,13.319999694824219,13.210000038146973,13.270000457763672,13.279999732971191,19200.0,13.279999732971191
2022-08-03,13.390000343322754,13.289999961853027,13.369999885559082,13.329999923706055,11300.0,13.329999923706055
2022-08-04,13.399999618530273,13.279999732971191,13.279999732971191,13.3100004196167,18800.0,13.3100004196167
