Date,High,Low,Open,Close,Volume,Adj Close
2017-08-07,30.40999984741211,29.510000228881836,29.93000030517578,29.68000030517578,12300.0,24.973623275756836
2017-08-08,29.959999084472656,29.299999237060547,29.690000534057617,29.68000030517578,11400.0,25.143051147460938
2017-08-09,29.709999084472656,29.030000686645508,29.68000030517578,29.440000534057617,16000.0,24.93973731994629
2017-08-10,29.700000762939453,28.299999237060547,29.0,29.700000762939453,25900.0,25.15999412536621
2017-08-11,29.579999923706055,28.690000534057617,29.579999923706055,28.920000076293945,21500.0,24.499225616455078
2017-08-14,29.209999084472656,28.68000030517578,29.040000915527344,28.93000030517578,22100.0,24.507699966430664
2017-08-15,29.030000686645508,28.75,28.790000915527344,28.770000457763672,19200.0,24.372156143188477
2017-08-16,29.079999923706055,28.860000610351562,28.8799991607666,28.920000076293945,13300.0,24.499225616455078
2017-08-17,28.920000076293945,28.34000015258789,28.920000076293945,28.34000015258789,13900.0,24.007888793945312
2017-08-18,28.6200008392334,28.1200008392334,28.1200008392334,28.25,19900.0,23.931640625
2017-08-21,28.90999984741211,28.200000762939453,28.200000762939453,28.610000610351562,12900.0,24.236618041992188
2017-08-22,29.469999313354492,28.690000534057617,28.690000534057617,29.1299991607666,32600.0,24.677122116088867
2017-08-23,29.579999923706055,29.149999618530273,29.149999618530273,29.5,63100.0,24.990570068359375
2017-08-24,30.030000686645508,29.450000762939453,29.5,29.989999771118164,33300.0,25.40566635131836
2017-08-25,30.299999237060547,29.950000762939453,30.149999618530273,30.010000228881836,88800.0,25.422605514526367
2017-08-28,30.229999542236328,29.950000762939453,30.229999542236328,30.059999465942383,16200.0,25.4649600982666
2017-08-29,30.18000030517578,29.950000762939453,30.059999465942383,30.0,26300.0,25.41413688659668
2017-08-30,30.09000015258789,29.790000915527344,30.0,29.81999969482422,42600.0,25.26165008544922
2017-08-31,30.3700008392334,29.6200008392334,29.889999389648438,30.229999542236328,61400.0,25.608978271484375
2017-09-01,30.43000030517578,30.200000762939453,30.25,30.280000686645508,13700.0,25.651334762573242
2017-09-05,30.3799991607666,30.100000381469727,30.3799991607666,30.1200008392334,28200.0,25.515796661376953
2017-09-06,30.209999084472656,29.610000610351562,30.209999084472656,29.65999984741211,20000.0,25.12610626220703
2017-09-07,29.75,29.149999618530273,29.670000076293945,29.25,38800.0,24.77878189086914
2017-09-08,29.739999771118164,29.399999618530273,29.399999618530273,29.670000076293945,26700.0,25.134578704833984
2017-09-11,30.3700008392334,29.719999313354492,29.719999313354492,29.959999084472656,20500.0,25.380247116088867
2017-09-12,30.270000457763672,29.829999923706055,30.1299991607666,29.889999389648438,16100.0,25.32094955444336
2017-09-13,30.1299991607666,29.760000228881836,29.760000228881836,29.950000762939453,23700.0,25.371780395507812
2017-09-14,30.06999969482422,29.690000534057617,29.690000534057617,29.84000015258789,24900.0,25.278593063354492
2017-09-15,29.940000534057617,29.139999389648438,29.850000381469727,29.559999465942383,100500.0,25.041393280029297
2017-09-18,29.84000015258789,29.440000534057617,29.690000534057617,29.709999084472656,31900.0,25.1684627532959
2017-09-19,29.90999984741211,29.610000610351562,29.739999771118164,29.84000015258789,21500.0,25.278593063354492
2017-09-20,30.43000030517578,29.719999313354492,29.81999969482422,30.290000915527344,20200.0,25.659807205200195
2017-09-21,30.5,30.040000915527344,30.280000686645508,30.3799991607666,16900.0,25.736045837402344
2017-09-22,30.719999313354492,30.34000015258789,30.34000015258789,30.510000228881836,26500.0,25.846174240112305
2017-09-25,30.75,30.479999542236328,30.600000381469727,30.59000015258789,8100.0,25.91394805908203
2017-09-26,31.1200008392334,30.549999237060547,30.690000534057617,30.979999542236328,17500.0,26.24432945251465
2017-09-27,31.75,31.110000610351562,31.110000610351562,31.540000915527344,24800.0,26.718727111816406
2017-09-28,31.8700008392334,30.540000915527344,30.540000915527344,31.75,12500.0,26.896623611450195
2017-09-29,31.8799991607666,31.549999237060547,31.700000762939453,31.56999969482422,11500.0,26.744136810302734
2017-10-02,32.18000030517578,31.299999237060547,31.549999237060547,32.08000183105469,27500.0,27.176185607910156
2017-10-03,32.43000030517578,31.670000076293945,32.11000061035156,31.889999389648438,19000.0,27.015222549438477
2017-10-04,32.09000015258789,31.709999084472656,31.950000762939453,31.829999923706055,10900.0,26.964397430419922
2017-10-05,32.459999084472656,31.8799991607666,31.950000762939453,32.099998474121094,10600.0,27.1931209564209
2017-10-06,32.22999954223633,31.899999618530273,32.150001525878906,32.09000015258789,16100.0,27.184654235839844
2017-10-09,32.40999984741211,32.0,32.2599983215332,32.15999984741211,15200.0,27.243953704833984
2017-10-10,32.68000030517578,32.29999923706055,32.369998931884766,32.58000183105469,32200.0,27.59975242614746
2017-10-11,32.95000076293945,32.41999816894531,32.41999816894531,32.77000045776367,20700.0,27.76070785522461
2017-10-12,32.95000076293945,32.470001220703125,32.68000030517578,32.650001525878906,11900.0,27.65904998779297
2017-10-13,32.630001068115234,32.15999984741211,32.16999816894531,32.599998474121094,18500.0,27.61669158935547
2017-10-16,32.720001220703125,32.06999969482422,32.630001068115234,32.59000015258789,10800.0,27.608219146728516
2017-10-17,32.61000061035156,32.11000061035156,32.4900016784668,32.18000030517578,7500.0,27.260896682739258
2017-10-18,32.58000183105469,32.349998474121094,32.38999938964844,32.38999938964844,14700.0,27.43879508972168
2017-10-19,32.599998474121094,32.22999954223633,32.349998474121094,32.54999923706055,16600.0,27.574337005615234
2017-10-20,32.95000076293945,32.459999084472656,32.72999954223633,32.83000183105469,17900.0,27.81153106689453
2017-10-23,32.86000061035156,32.45000076293945,32.45000076293945,32.540000915527344,15000.0,27.56586265563965
2017-10-24,32.93000030517578,32.54999923706055,32.599998474121094,32.56999969482422,8300.0,27.59127426147461
2017-10-25,32.849998474121094,32.099998474121094,32.689998626708984,32.77000045776367,5100.0,27.76070785522461
2017-10-26,33.0,32.5,32.619998931884766,32.630001068115234,14400.0,27.642107009887695
2017-10-27,33.0,31.979999542236328,32.9900016784668,32.810001373291016,13100.0,27.794593811035156
2017-10-30,32.369998931884766,31.31999969482422,32.369998931884766,31.5,11800.0,26.68484115600586
2017-10-31,31.84000015258789,31.3700008392334,31.670000076293945,31.59000015258789,25300.0,26.76108741760254
2017-11-01,31.639999389648438,31.170000076293945,31.600000381469727,31.329999923706055,15100.0,26.540828704833984
2017-11-02,32.040000915527344,31.3700008392334,31.389999389648438,31.84000015258789,16200.0,26.972871780395508
2017-11-03,31.8700008392334,31.420000076293945,31.84000015258789,31.440000534057617,9700.0,26.634014129638672
2017-11-06,31.600000381469727,31.31999969482422,31.600000381469727,31.459999084472656,9500.0,26.650957107543945
2017-11-07,31.329999923706055,30.15999984741211,31.329999923706055,30.219999313354492,16700.0,25.764291763305664
2017-11-08,30.360000610351562,29.959999084472656,30.229999542236328,30.0,26300.0,25.57673454284668
2017-11-09,30.43000030517578,29.899999618530273,29.940000534057617,30.260000228881836,20000.0,25.798398971557617
2017-11-10,30.989999771118164,30.239999771118164,30.440000534057617,30.299999237060547,12100.0,25.83249855041504
2017-11-13,30.540000915527344,30.139999389648438,30.229999542236328,30.540000915527344,5100.0,26.037111282348633
2017-11-14,30.6299991607666,29.989999771118164,30.6299991607666,30.450000762939453,28800.0,25.96038246154785
2017-11-15,31.040000915527344,30.40999984741211,30.68000030517578,30.549999237060547,7200.0,26.04564094543457
2017-11-16,31.1299991607666,30.479999542236328,30.540000915527344,30.780000686645508,9300.0,26.241724014282227
2017-11-17,31.149999618530273,30.729999542236328,30.729999542236328,30.989999771118164,8000.0,26.420764923095703
2017-11-20,31.549999237060547,31.06999969482422,31.06999969482422,31.510000228881836,8700.0,26.86409568786621
2017-11-21,31.600000381469727,31.280000686645508,31.549999237060547,31.56999969482422,11300.0,26.915245056152344
2017-11-22,31.68000030517578,31.399999618530273,31.56999969482422,31.540000915527344,12200.0,26.889671325683594
2017-11-24,31.75,31.229999542236328,31.75,31.59000015258789,8900.0,26.932300567626953
2017-11-27,31.68000030517578,31.34000015258789,31.6200008392334,31.489999771118164,7100.0,26.847042083740234
2017-11-28,31.940000534057617,31.100000381469727,31.170000076293945,31.93000030517578,10200.0,27.222169876098633
2017-11-29,32.5,31.40999984741211,31.40999984741211,32.439998626708984,29500.0,27.656970977783203
2017-11-30,32.47999954223633,31.739999771118164,32.119998931884766,31.950000762939453,19200.0,27.239227294921875
2017-12-01,32.54999923706055,31.270000457763672,32.54999923706055,31.940000534057617,15500.0,27.230697631835938
2017-12-04,32.4900016784668,31.899999618530273,32.310001373291016,31.959999084472656,13500.0,27.247743606567383
2017-12-05,31.799999237060547,31.18000030517578,31.799999237060547,31.450000762939453,12400.0,27.0670108795166
2017-12-06,31.989999771118164,31.079999923706055,31.34000015258789,31.15999984741211,11500.0,26.817432403564453
2017-12-07,31.700000762939453,30.93000030517578,31.100000381469727,31.229999542236328,11800.0,26.877668380737305
2017-12-08,31.209999084472656,30.260000228881836,31.209999084472656,30.459999084472656,24300.0,26.214984893798828
2017-12-11,30.940000534057617,30.510000228881836,30.520000457763672,30.579999923706055,22600.0,26.318256378173828
2017-12-12,30.899999618530273,30.510000228881836,30.65999984741211,30.639999389648438,8000.0,26.36989402770996
2017-12-13,31.170000076293945,30.489999771118164,30.489999771118164,31.0,11600.0,26.679725646972656
2017-12-14,31.190000534057617,30.440000534057617,30.950000762939453,30.709999084472656,20300.0,26.43013572692871
2017-12-15,31.450000762939453,30.59000015258789,30.6299991607666,31.100000381469727,45000.0,26.76578712463379
2017-12-18,31.700000762939453,31.219999313354492,31.31999969482422,31.530000686645508,14500.0,27.1358585357666
2017-12-19,31.540000915527344,30.889999389648438,31.530000686645508,30.969999313354492,8600.0,26.653905868530273
2017-12-20,31.139999389648438,30.649999618530273,31.139999389648438,30.770000457763672,15900.0,26.481779098510742
2017-12-21,31.190000534057617,30.65999984741211,30.829999923706055,31.079999923706055,10800.0,26.748567581176758
2017-12-22,31.389999389648438,31.110000610351562,31.110000610351562,31.18000030517578,7600.0,26.834640502929688
2017-12-26,31.3700008392334,31.030000686645508,31.110000610351562,31.360000610351562,8900.0,26.98955535888672
2017-12-27,31.700000762939453,31.360000610351562,31.440000534057617,31.549999237060547,13200.0,27.153076171875
2017-12-28,31.5,31.149999618530273,31.399999618530273,31.290000915527344,5700.0,26.92931365966797
2017-12-29,31.40999984741211,30.829999923706055,31.149999618530273,30.8700008392334,12500.0,26.56784439086914
2018-01-02,31.670000076293945,30.790000915527344,31.670000076293945,30.8799991607666,10400.0,26.576446533203125
2018-01-03,31.229999542236328,30.600000381469727,30.889999389648438,31.030000686645508,25900.0,26.705541610717773
2018-01-04,31.350000381469727,30.8700008392334,30.8700008392334,31.15999984741211,25700.0,26.817432403564453
2018-01-05,31.309999465942383,31.149999618530273,31.18000030517578,31.309999465942383,18300.0,26.946523666381836
2018-01-08,31.479999542236328,31.100000381469727,31.209999084472656,31.40999984741211,11800.0,27.03258514404297
2018-01-09,31.559999465942383,31.31999969482422,31.31999969482422,31.440000534057617,10100.0,27.058408737182617
2018-01-10,31.56999969482422,31.219999313354492,31.350000381469727,31.260000228881836,14000.0,26.903491973876953
2018-01-11,31.84000015258789,31.219999313354492,31.260000228881836,31.520000457763672,20000.0,27.127256393432617
2018-01-12,31.979999542236328,31.1299991607666,31.43000030517578,31.81999969482422,7300.0,27.38545036315918
2018-01-16,32.150001525878906,31.65999984741211,31.940000534057617,31.739999771118164,32300.0,27.31659698486328
2018-01-17,32.130001068115234,31.579999923706055,31.920000076293945,31.940000534057617,10100.0,27.488719940185547
2018-01-18,31.65999984741211,31.489999771118164,31.65999984741211,31.520000457763672,7200.0,27.127256393432617
2018-01-19,31.889999389648438,31.5,31.549999237060547,31.809999465942383,5500.0,27.376840591430664
2018-01-22,31.709999084472656,31.299999237060547,31.709999084472656,31.59000015258789,7200.0,27.187501907348633
2018-01-23,31.610000610351562,31.239999771118164,31.540000915527344,31.40999984741211,13700.0,27.03258514404297
2018-01-24,31.520000457763672,30.90999984741211,31.510000228881836,31.25,12000.0,26.89488410949707
2018-01-25,31.18000030517578,30.829999923706055,30.979999542236328,31.0,9900.0,26.679725646972656
2018-01-26,31.450000762939453,31.0,31.450000762939453,31.010000228881836,15200.0,26.68833351135254
2018-01-29,31.260000228881836,30.459999084472656,31.010000228881836,30.459999084472656,12800.0,26.214984893798828
2018-01-30,30.68000030517578,30.260000228881836,30.479999542236328,30.399999618530273,13900.0,26.163341522216797
2018-01-31,30.6200008392334,30.25,30.559999465942383,30.280000686645508,15800.0,26.060070037841797
2018-02-01,30.84000015258789,30.25,30.25,30.6200008392334,10500.0,26.352684020996094
2018-02-02,30.760000228881836,30.399999618530273,30.760000228881836,30.510000228881836,11100.0,26.258012771606445
2018-02-05,30.790000915527344,29.860000610351562,30.739999771118164,29.8700008392334,15000.0,25.707204818725586
2018-02-06,30.579999923706055,29.600000381469727,29.600000381469727,30.440000534057617,30400.0,26.197769165039062
2018-02-07,30.700000762939453,30.440000534057617,30.5,30.6299991607666,17500.0,26.5356388092041
2018-02-08,30.899999618530273,30.15999984741211,30.889999389648438,30.15999984741211,22800.0,26.128463745117188
2018-02-09,30.739999771118164,30.040000915527344,30.450000762939453,30.520000457763672,40600.0,26.440338134765625
2018-02-12,30.829999923706055,30.360000610351562,30.469999313354492,30.579999923706055,188100.0,26.492319107055664
2018-02-13,30.75,30.299999237060547,30.459999084472656,30.34000015258789,12600.0,26.284400939941406
2018-02-14,30.84000015258789,30.31999969482422,30.31999969482422,30.489999771118164,21000.0,26.41434669494629
2018-02-15,30.829999923706055,30.549999237060547,30.739999771118164,30.649999618530273,10100.0,26.552963256835938
2018-02-16,30.950000762939453,30.549999237060547,30.549999237060547,30.690000534057617,18700.0,26.587617874145508
2018-02-20,30.889999389648438,30.110000610351562,30.639999389648438,30.209999084472656,20100.0,26.171775817871094
2018-02-21,30.700000762939453,30.3700008392334,30.5,30.530000686645508,16400.0,26.449003219604492
2018-02-22,30.84000015258789,30.549999237060547,30.6200008392334,30.610000610351562,7100.0,26.518310546875
2018-02-23,30.84000015258789,30.5,30.5,30.770000457763672,13800.0,26.656923294067383
2018-02-26,30.899999618530273,30.579999923706055,30.719999313354492,30.780000686645508,14500.0,26.66558074951172
2018-02-27,30.8700008392334,30.440000534057617,30.690000534057617,30.440000534057617,16600.0,26.371034622192383
2018-02-28,30.479999542236328,29.770000457763672,30.479999542236328,29.8700008392334,21900.0,25.877225875854492
2018-03-01,30.079999923706055,29.610000610351562,29.75,29.8700008392334,31300.0,25.877225875854492
2018-03-02,30.68000030517578,29.530000686645508,29.530000686645508,30.540000915527344,13400.0,26.45766830444336
2018-03-05,30.649999618530273,30.18000030517578,30.18000030517578,30.420000076293945,16000.0,26.353708267211914
2018-03-06,30.729999542236328,30.190000534057617,30.56999969482422,30.6299991607666,26500.0,26.5356388092041
2018-03-07,30.8700008392334,30.260000228881836,30.270000457763672,30.809999465942383,21000.0,26.69157600402832
2018-03-08,31.06999969482422,30.239999771118164,30.899999618530273,30.729999542236328,10800.0,26.622264862060547
2018-03-09,30.950000762939453,30.65999984741211,30.780000686645508,30.760000228881836,34200.0,26.64826011657715
2018-03-12,31.010000228881836,30.65999984741211,30.860000610351562,30.940000534057617,16600.0,26.804197311401367
2018-03-13,31.010000228881836,30.5,30.860000610351562,30.639999389648438,18800.0,26.54429817199707
2018-03-14,30.729999542236328,30.34000015258789,30.729999542236328,30.479999542236328,18700.0,26.40568733215332
2018-03-15,30.760000228881836,30.25,30.479999542236328,30.639999389648438,15200.0,26.54429817199707
2018-03-16,30.860000610351562,30.579999923706055,30.579999923706055,30.649999618530273,32300.0,26.552963256835938
2018-03-19,30.690000534057617,30.350000381469727,30.6299991607666,30.65999984741211,22600.0,26.56162452697754
2018-03-20,30.799999237060547,30.469999313354492,30.600000381469727,30.65999984741211,11100.0,26.56162452697754
2018-03-21,30.8700008392334,30.549999237060547,30.59000015258789,30.790000915527344,11500.0,26.67424774169922
2018-03-22,30.799999237060547,30.170000076293945,30.56999969482422,30.18000030517578,12300.0,26.145788192749023
2018-03-23,30.280000686645508,29.43000030517578,30.100000381469727,29.479999542236328,27500.0,25.539358139038086
2018-03-26,30.239999771118164,29.489999771118164,29.81999969482422,30.190000534057617,15800.0,26.15445327758789
2018-03-27,30.25,29.860000610351562,30.25,29.889999389648438,15300.0,25.894548416137695
2018-03-28,30.1200008392334,29.850000381469727,29.899999618530273,29.950000762939453,17400.0,25.946535110473633
2018-03-29,30.18000030517578,29.520000457763672,30.149999618530273,29.65999984741211,42500.0,25.69529914855957
2018-04-02,30.020000457763672,29.350000381469727,29.729999542236328,29.56999969482422,22900.0,25.617326736450195
2018-04-03,29.760000228881836,29.43000030517578,29.600000381469727,29.530000686645508,23400.0,25.582674026489258
2018-04-04,29.850000381469727,29.34000015258789,29.34000015258789,29.760000228881836,16900.0,25.781932830810547
2018-04-05,29.889999389648438,29.5,29.889999389648438,29.739999771118164,14000.0,25.76460075378418
2018-04-06,29.81999969482422,29.360000610351562,29.670000076293945,29.489999771118164,14500.0,25.548019409179688
2018-04-09,29.81999969482422,29.280000686645508,29.760000228881836,29.389999389648438,46000.0,25.461389541625977
2018-04-10,29.75,29.3700008392334,29.6200008392334,29.549999237060547,20200.0,25.600000381469727
2018-04-11,29.690000534057617,29.43000030517578,29.479999542236328,29.610000610351562,9700.0,25.651981353759766
2018-04-12,29.829999923706055,29.520000457763672,29.75,29.75,41500.0,25.773265838623047
2018-04-13,30.0,29.6299991607666,29.860000610351562,29.920000076293945,34900.0,25.92053985595703
2018-04-16,30.459999084472656,30.0,30.0,30.06999969482422,20200.0,26.050487518310547
2018-04-17,30.43000030517578,30.049999237060547,30.1299991607666,30.18000030517578,19300.0,26.145788192749023
2018-04-18,30.34000015258789,29.889999389648438,30.170000076293945,30.0,8200.0,25.989850997924805
2018-04-19,30.200000762939453,29.8799991607666,29.989999771118164,30.030000686645508,7700.0,26.015840530395508
2018-04-20,30.15999984741211,29.84000015258789,29.920000076293945,29.959999084472656,17200.0,25.955196380615234
2018-04-23,30.0,29.729999542236328,29.989999771118164,29.969999313354492,8600.0,25.963857650756836
2018-04-24,30.3799991607666,29.920000076293945,30.09000015258789,30.040000915527344,19200.0,26.02450180053711
2018-04-25,30.25,29.899999618530273,30.09000015258789,29.899999618530273,24500.0,25.90321922302246
2018-04-26,30.65999984741211,29.8799991607666,30.0,30.219999313354492,34200.0,26.180437088012695
2018-04-27,30.59000015258789,30.309999465942383,30.309999465942383,30.5,33700.0,26.423011779785156
2018-04-30,30.770000457763672,30.43000030517578,30.530000686645508,30.440000534057617,17800.0,26.371034622192383
2018-05-01,30.579999923706055,30.360000610351562,30.399999618530273,30.530000686645508,41000.0,26.449003219604492
2018-05-02,30.799999237060547,30.399999618530273,30.440000534057617,30.6299991607666,14100.0,26.5356388092041
2018-05-03,30.690000534057617,30.399999618530273,30.639999389648438,30.40999984741211,8000.0,26.345043182373047
2018-05-04,30.690000534057617,30.31999969482422,30.399999618530273,30.489999771118164,15900.0,26.41434669494629
2018-05-07,30.549999237060547,30.399999618530273,30.549999237060547,30.420000076293945,9400.0,26.353708267211914
2018-05-08,30.56999969482422,30.399999618530273,30.399999618530273,30.469999313354492,13200.0,26.397018432617188
2018-05-09,30.479999542236328,30.299999237060547,30.309999465942383,30.3799991607666,9500.0,26.492952346801758
2018-05-10,30.40999984741211,30.15999984741211,30.3799991607666,30.190000534057617,17900.0,26.327259063720703
2018-05-11,30.3700008392334,30.139999389648438,30.200000762939453,30.219999313354492,6600.0,26.353416442871094
2018-05-14,30.399999618530273,30.100000381469727,30.389999389648438,30.1299991607666,26800.0,26.274934768676758
2018-05-15,30.3700008392334,30.1200008392334,30.1200008392334,30.350000381469727,13600.0,26.46678924560547
2018-05-16,30.489999771118164,30.309999465942383,30.440000534057617,30.3799991607666,10100.0,26.492952346801758
2018-05-17,30.540000915527344,30.440000534057617,30.469999313354492,30.450000762939453,12800.0,26.553997039794922
2018-05-18,30.6299991607666,30.389999389648438,30.579999923706055,30.389999389648438,18800.0,26.50166893005371
2018-05-21,30.6200008392334,30.389999389648438,30.389999389648438,30.579999923706055,10000.0,26.667356491088867
2018-05-22,30.770000457763672,30.420000076293945,30.549999237060547,30.540000915527344,11000.0,26.632478713989258
2018-05-23,30.670000076293945,30.5,30.59000015258789,30.670000076293945,7300.0,26.7458438873291
2018-05-24,30.84000015258789,30.31999969482422,30.700000762939453,30.450000762939453,9200.0,26.553997039794922
2018-05-25,30.540000915527344,30.31999969482422,30.510000228881836,30.329999923706055,8200.0,26.4493465423584
2018-05-29,30.299999237060547,30.030000686645508,30.299999237060547,30.209999084472656,22900.0,26.344696044921875
2018-05-30,30.68000030517578,30.18000030517578,30.18000030517578,30.610000610351562,33900.0,26.69352149963379
2018-05-31,30.700000762939453,30.479999542236328,30.579999923706055,30.579999923706055,11300.0,26.667356491088867
2018-06-01,30.670000076293945,30.479999542236328,30.59000015258789,30.530000686645508,18000.0,26.623756408691406
2018-06-04,30.790000915527344,30.559999465942383,30.559999465942383,30.729999542236328,15600.0,26.798171997070312
2018-06-05,30.81999969482422,30.559999465942383,30.610000610351562,30.780000686645508,18100.0,26.841772079467773
2018-06-06,31.049999237060547,30.799999237060547,30.809999465942383,30.969999313354492,15800.0,27.007457733154297
2018-06-07,31.290000915527344,31.0,31.020000457763672,31.219999313354492,11100.0,27.225475311279297
2018-06-08,31.25,30.1299991607666,31.25,30.940000534057617,14500.0,26.981298446655273
2018-06-11,31.040000915527344,30.5,30.979999542236328,30.559999465942383,18900.0,26.649919509887695
2018-06-12,30.979999542236328,30.5,30.979999542236328,30.549999237060547,14300.0,26.641199111938477
2018-06-13,31.030000686645508,30.469999313354492,30.520000457763672,30.90999984741211,14600.0,26.95513916015625
2018-06-14,30.899999618530273,30.6200008392334,30.6200008392334,30.84000015258789,9100.0,26.894092559814453
2018-06-15,31.010000228881836,30.5,30.700000762939453,30.75,33800.0,26.81561279296875
2018-06-18,31.0,30.760000228881836,30.8799991607666,30.940000534057617,14200.0,26.981298446655273
2018-06-19,31.200000762939453,30.75,30.75,31.15999984741211,35900.0,27.17314910888672
2018-06-20,31.450000762939453,31.1299991607666,31.1299991607666,31.389999389648438,31500.0,27.37371826171875
2018-06-21,31.709999084472656,31.34000015258789,31.389999389648438,31.389999389648438,23700.0,27.37371826171875
2018-06-22,31.700000762939453,31.31999969482422,31.5,31.600000381469727,44600.0,27.556854248046875
2018-06-25,31.81999969482422,31.329999923706055,31.56999969482422,31.559999465942383,10000.0,27.5219669342041
2018-06-26,31.950000762939453,31.649999618530273,31.68000030517578,31.850000381469727,12800.0,27.774869918823242
2018-06-27,31.739999771118164,31.31999969482422,31.690000534057617,31.31999969482422,13000.0,27.31267738342285
2018-06-28,31.440000534057617,31.229999542236328,31.229999542236328,31.25,5000.0,27.251630783081055
2018-06-29,31.350000381469727,30.8700008392334,31.329999923706055,31.0,11300.0,27.033626556396484
2018-07-02,31.239999771118164,30.989999771118164,30.989999771118164,31.239999771118164,6400.0,27.2429141998291
2018-07-03,31.459999084472656,31.200000762939453,31.260000228881836,31.329999923706055,2800.0,27.321395874023438
2018-07-05,31.639999389648438,31.329999923706055,31.329999923706055,31.510000228881836,5900.0,27.478368759155273
2018-07-06,31.6299991607666,31.43000030517578,31.579999923706055,31.6299991607666,6700.0,27.58301544189453
2018-07-09,31.940000534057617,31.709999084472656,31.709999084472656,31.729999542236328,5000.0,27.67021942138672
2018-07-10,31.709999084472656,31.299999237060547,31.709999084472656,31.360000610351562,6500.0,27.434022903442383
2018-07-11,31.450000762939453,31.200000762939453,31.299999237060547,31.229999542236328,8800.0,27.320295333862305
2018-07-12,31.31999969482422,30.899999618530273,31.299999237060547,31.09000015258789,8700.0,27.197824478149414
2018-07-13,31.049999237060547,30.799999237060547,31.010000228881836,30.809999465942383,12200.0,26.952878952026367
2018-07-16,31.1299991607666,30.799999237060547,30.799999237060547,31.1299991607666,5000.0,27.232816696166992
2018-07-17,31.139999389648438,30.760000228881836,31.079999923706055,30.760000228881836,7000.0,26.909133911132812
2018-07-18,30.899999618530273,30.670000076293945,30.709999084472656,30.770000457763672,5600.0,26.917882919311523
2018-07-19,30.8700008392334,30.649999618530273,30.84000015258789,30.670000076293945,8200.0,26.830402374267578
2018-07-20,30.950000762939453,30.549999237060547,30.709999084472656,30.600000381469727,6700.0,26.7691707611084
2018-07-23,30.940000534057617,30.559999465942383,30.59000015258789,30.8700008392334,5000.0,27.005367279052734
2018-07-24,31.059999465942383,30.5,30.739999771118164,30.59000015258789,10700.0,26.760419845581055
2018-07-25,30.610000610351562,30.440000534057617,30.5,30.5,12700.0,26.68168830871582
2018-07-26,30.719999313354492,30.5,30.719999313354492,30.5,3400.0,26.68168830871582
2018-07-27,30.739999771118164,30.5,30.5,30.5,14100.0,26.68168830871582
2018-07-30,30.75,30.450000762939453,30.450000762939453,30.5,6000.0,26.68168830871582
2018-07-31,30.700000762939453,30.489999771118164,30.5,30.5,10900.0,26.68168830871582
2018-08-01,30.6299991607666,30.399999618530273,30.520000457763672,30.399999618530273,12100.0,26.594202041625977
2018-08-02,30.600000381469727,30.420000076293945,30.540000915527344,30.459999084472656,18800.0,26.64669418334961
2018-08-03,30.829999923706055,30.299999237060547,30.700000762939453,30.299999237060547,8900.0,26.50672149658203
2018-08-06,30.43000030517578,30.219999313354492,30.229999542236328,30.270000457763672,7400.0,26.480480194091797
2018-08-07,30.290000915527344,29.950000762939453,30.270000457763672,30.209999084472656,9900.0,26.427988052368164
2018-08-08,30.25,29.920000076293945,30.030000686645508,30.200000762939453,11100.0,26.613046646118164
2018-08-09,30.309999465942383,30.209999084472656,30.219999313354492,30.280000686645508,5100.0,26.683551788330078
2018-08-10,30.360000610351562,30.030000686645508,30.049999237060547,30.229999542236328,16900.0,26.639484405517578
2018-08-13,30.360000610351562,30.200000762939453,30.360000610351562,30.280000686645508,4800.0,26.683551788330078
2018-08-14,30.389999389648438,29.950000762939453,30.100000381469727,29.979999542236328,18800.0,26.41918182373047
2018-08-15,30.040000915527344,29.850000381469727,29.979999542236328,29.899999618530273,6400.0,26.348682403564453
2018-08-16,30.139999389648438,29.899999618530273,30.139999389648438,30.040000915527344,4200.0,26.472055435180664
2018-08-17,30.200000762939453,29.940000534057617,29.940000534057617,30.100000381469727,3300.0,26.524927139282227
2018-08-20,30.209999084472656,30.030000686645508,30.100000381469727,30.209999084472656,3200.0,26.621858596801758
2018-08-21,30.360000610351562,29.950000762939453,30.350000381469727,30.0,7600.0,26.43680763244629
2018-08-22,30.079999923706055,29.950000762939453,30.079999923706055,29.969999313354492,6300.0,26.41036605834961
2018-08-23,30.0,29.950000762939453,30.0,29.989999771118164,9600.0,26.42799186706543
2018-08-24,30.100000381469727,29.809999465942383,29.90999984741211,30.049999237060547,7500.0,26.480865478515625
2018-08-27,30.049999237060547,29.950000762939453,29.979999542236328,29.969999313354492,12800.0,26.41036605834961
2018-08-28,29.959999084472656,29.75,29.950000762939453,29.860000610351562,7000.0,26.313432693481445
2018-08-29,29.899999618530273,29.649999618530273,29.75,29.850000381469727,5200.0,26.30462074279785
2018-08-30,29.899999618530273,29.75,29.75,29.899999618530273,4600.0,26.348682403564453
2018-08-31,30.0,29.770000457763672,30.0,29.8799991607666,6200.0,26.331058502197266
2018-09-04,29.899999618530273,29.829999923706055,29.8799991607666,29.899999618530273,9500.0,26.348682403564453
2018-09-05,29.950000762939453,29.639999389648438,29.639999389648438,29.950000762939453,33600.0,26.392744064331055
2018-09-06,29.950000762939453,29.780000686645508,29.860000610351562,29.899999618530273,6000.0,26.348682403564453
2018-09-07,29.90999984741211,29.6299991607666,29.6299991607666,29.729999542236328,9400.0,26.19887351989746
2018-09-10,29.81999969482422,29.639999389648438,29.700000762939453,29.81999969482422,5400.0,26.278186798095703
2018-09-11,29.809999465942383,29.600000381469727,29.809999465942383,29.6200008392334,6100.0,26.101940155029297
2018-09-12,29.780000686645508,29.5,29.600000381469727,29.709999084472656,16400.0,26.181245803833008
2018-09-13,29.850000381469727,29.68000030517578,29.719999313354492,29.719999313354492,5000.0,26.190059661865234
2018-09-14,29.860000610351562,29.709999084472656,29.829999923706055,29.709999084472656,4600.0,26.181245803833008
2018-09-17,29.75,29.450000762939453,29.700000762939453,29.450000762939453,5900.0,25.95212745666504
2018-09-18,29.559999465942383,29.15999984741211,29.450000762939453,29.170000076293945,13900.0,25.70539093017578
2018-09-19,29.420000076293945,29.030000686645508,29.030000686645508,29.15999984741211,12300.0,25.696571350097656
2018-09-20,29.31999969482422,29.149999618530273,29.149999618530273,29.209999084472656,4500.0,25.740636825561523
2018-09-21,29.6200008392334,29.149999618530273,29.149999618530273,29.6200008392334,42700.0,26.101940155029297
2018-09-24,29.760000228881836,29.5,29.5,29.5,6600.0,25.996196746826172
2018-09-25,29.59000015258789,29.5,29.5,29.510000228881836,18700.0,26.0050048828125
2018-09-26,29.700000762939453,29.5,29.5,29.540000915527344,9000.0,26.03143882751465
2018-09-27,29.639999389648438,29.5,29.510000228881836,29.5,6200.0,25.996196746826172
2018-09-28,29.68000030517578,29.5,29.530000686645508,29.549999237060547,3400.0,26.040250778198242
2018-10-01,29.610000610351562,29.139999389648438,29.579999923706055,29.31999969482422,3600.0,25.837568283081055
2018-10-02,29.65999984741211,29.1299991607666,29.239999771118164,29.280000686645508,14400.0,25.802326202392578
2018-10-03,29.649999618530273,29.200000762939453,29.200000762939453,29.59000015258789,30800.0,26.075502395629883
2018-10-04,29.65999984741211,29.450000762939453,29.450000762939453,29.549999237060547,9600.0,26.040250778198242
2018-10-05,29.610000610351562,29.25,29.469999313354492,29.309999465942383,4500.0,25.828754425048828
2018-10-08,29.530000686645508,29.149999618530273,29.209999084472656,29.299999237060547,13300.0,25.819944381713867
2018-10-09,29.610000610351562,29.299999237060547,29.5,29.40999984741211,9400.0,25.916879653930664
2018-10-10,29.610000610351562,29.239999771118164,29.610000610351562,29.299999237060547,15400.0,25.819944381713867
2018-10-11,29.469999313354492,28.8799991607666,29.110000610351562,28.989999771118164,36000.0,25.54676628112793
2018-10-12,29.280000686645508,28.399999618530273,28.799999237060547,28.549999237060547,17800.0,25.159029006958008
2018-10-15,28.889999389648438,28.5,28.760000228881836,28.579999923706055,37300.0,25.185462951660156
2018-10-16,29.06999969482422,28.549999237060547,28.549999237060547,28.969999313354492,14200.0,25.529138565063477
2018-10-17,29.15999984741211,28.81999969482422,28.920000076293945,29.030000686645508,11600.0,25.582012176513672
2018-10-18,29.209999084472656,29.0,29.0,29.06999969482422,25000.0,25.617265701293945
2018-10-19,29.139999389648438,28.770000457763672,28.920000076293945,28.770000457763672,51200.0,25.35289764404297
2018-10-22,28.75,28.5,28.68000030517578,28.5,57800.0,25.11496353149414
2018-10-23,28.829999923706055,28.190000534057617,28.190000534057617,28.489999771118164,24200.0,25.106149673461914
2018-10-24,28.65999984741211,28.100000381469727,28.399999618530273,28.200000762939453,22000.0,24.850597381591797
2018-10-25,28.25,24.959999084472656,24.959999084472656,27.600000381469727,22000.0,24.32185935974121
2018-10-26,27.860000610351562,27.0,27.0,27.239999771118164,18700.0,24.00461769104004
2018-10-29,27.799999237060547,27.100000381469727,27.229999542236328,27.559999465942383,16000.0,24.286611557006836
2018-10-30,27.889999389648438,27.440000534057617,27.8700008392334,27.579999923706055,26900.0,24.304235458374023
2018-10-31,27.790000915527344,27.219999313354492,27.700000762939453,27.239999771118164,21800.0,24.00461769104004
2018-11-01,27.559999465942383,27.290000915527344,27.290000915527344,27.399999618530273,18000.0,24.145612716674805
2018-11-02,27.719999313354492,27.399999618530273,27.5,27.559999465942383,16400.0,24.286611557006836
2018-11-05,27.65999984741211,27.299999237060547,27.520000457763672,27.350000381469727,15700.0,24.10155487060547
2018-11-06,27.68000030517578,27.31999969482422,27.31999969482422,27.43000030517578,6800.0,24.172054290771484
2018-11-07,27.5,27.350000381469727,27.350000381469727,27.5,12000.0,24.42967414855957
2018-11-08,27.600000381469727,27.40999984741211,27.5,27.549999237060547,6600.0,24.474088668823242
2018-11-09,27.690000534057617,27.360000610351562,27.360000610351562,27.600000381469727,8900.0,24.518508911132812
2018-11-12,27.75,27.700000762939453,27.700000762939453,27.700000762939453,8800.0,24.607343673706055
2018-11-13,27.969999313354492,27.600000381469727,27.75,27.600000381469727,11300.0,24.518508911132812
2018-11-14,27.809999465942383,27.520000457763672,27.59000015258789,27.549999237060547,12100.0,24.474088668823242
2018-11-15,27.719999313354492,27.3799991607666,27.3799991607666,27.639999389648438,5700.0,24.554040908813477
2018-11-16,27.860000610351562,27.549999237060547,27.549999237060547,27.700000762939453,8200.0,24.607343673706055
2018-11-19,28.100000381469727,27.6200008392334,28.100000381469727,27.719999313354492,12000.0,24.625110626220703
2018-11-20,27.959999084472656,27.549999237060547,27.549999237060547,27.719999313354492,9400.0,24.625110626220703
2018-11-21,27.68000030517578,27.600000381469727,27.670000076293945,27.639999389648438,5900.0,24.554040908813477
2018-11-23,27.780000686645508,27.649999618530273,27.649999618530273,27.780000686645508,5600.0,24.67841148376465
2018-11-26,27.959999084472656,27.649999618530273,27.81999969482422,27.68000030517578,14700.0,24.589574813842773
2018-11-27,28.030000686645508,27.649999618530273,27.989999771118164,27.709999084472656,4600.0,24.616226196289062
2018-11-28,28.1299991607666,27.649999618530273,27.93000030517578,28.1299991607666,24900.0,24.98933219909668
2018-11-29,28.15999984741211,27.860000610351562,27.90999984741211,27.950000762939453,4600.0,24.829429626464844
2018-11-30,28.219999313354492,27.850000381469727,28.219999313354492,27.850000381469727,20900.0,24.7405948638916
2018-12-03,28.1200008392334,27.950000762939453,28.1200008392334,28.1200008392334,15700.0,24.980451583862305
2018-12-04,28.200000762939453,27.389999389648438,28.139999389648438,27.389999389648438,19800.0,24.331953048706055
2018-12-06,27.899999618530273,27.329999923706055,27.420000076293945,27.399999618530273,16900.0,24.34083366394043
2018-12-07,27.34000015258789,27.149999618530273,27.34000015258789,27.149999618530273,19100.0,24.296091079711914
2018-12-10,27.969999313354492,27.170000076293945,27.969999313354492,27.329999923706055,16600.0,24.457172393798828
2018-12-11,28.049999237060547,27.25,27.780000686645508,27.350000381469727,14200.0,24.47507095336914
2018-12-12,27.90999984741211,27.079999923706055,27.760000228881836,27.399999618530273,11100.0,24.51980972290039
2018-12-13,27.770000457763672,27.149999618530273,27.770000457763672,27.149999618530273,24800.0,24.296091079711914
2018-12-14,27.799999237060547,26.81999969482422,27.09000015258789,26.860000610351562,24900.0,24.036575317382812
2018-12-17,28.739999771118164,26.479999542236328,26.780000686645508,26.489999771118164,13300.0,23.705469131469727
2018-12-18,27.350000381469727,25.860000610351562,25.860000610351562,26.399999618530273,21500.0,23.624929428100586
2018-12-19,26.600000381469727,25.799999237060547,26.34000015258789,26.0,19200.0,23.266977310180664
2018-12-20,26.09000015258789,25.68000030517578,25.68000030517578,25.799999237060547,35200.0,23.087997436523438
2018-12-21,26.299999237060547,25.579999923706055,25.59000015258789,25.700000762939453,52000.0,22.998510360717773
2018-12-24,26.950000762939453,25.350000381469727,25.579999923706055,25.350000381469727,9400.0,22.685302734375
2018-12-26,27.93000030517578,25.399999618530273,27.93000030517578,25.940000534057617,15800.0,23.21328353881836
2018-12-27,26.010000228881836,25.1200008392334,25.790000915527344,25.31999969482422,24500.0,22.658456802368164
2018-12-28,26.790000915527344,25.15999984741211,25.399999618530273,25.65999984741211,25900.0,22.96271514892578
2018-12-31,27.84000015258789,25.760000228881836,25.760000228881836,25.979999542236328,11900.0,23.249080657958984
2019-01-02,26.170000076293945,25.780000686645508,25.889999389648438,26.170000076293945,27400.0,23.419109344482422
2019-01-03,26.399999618530273,26.049999237060547,26.049999237060547,26.1200008392334,10400.0,23.37436294555664
2019-01-04,26.510000228881836,26.0,26.34000015258789,26.399999618530273,16900.0,23.624929428100586
2019-01-07,26.649999618530273,26.260000228881836,26.5,26.5,19600.0,23.71441650390625
2019-01-08,27.15999984741211,26.549999237060547,26.690000534057617,27.15999984741211,6700.0,24.305044174194336
2019-01-09,27.149999618530273,26.850000381469727,26.979999542236328,27.1299991607666,13100.0,24.27819061279297
2019-01-10,27.139999389648438,26.899999618530273,26.959999084472656,27.079999923706055,9200.0,24.233449935913086
2019-01-11,27.18000030517578,26.84000015258789,26.90999984741211,26.899999618530273,13300.0,24.072370529174805
2019-01-14,27.200000762939453,26.850000381469727,26.899999618530273,26.899999618530273,8100.0,24.072370529174805
2019-01-15,27.139999389648438,26.899999618530273,26.899999618530273,26.969999313354492,9300.0,24.135013580322266
2019-01-16,27.479999542236328,26.899999618530273,26.90999984741211,26.959999084472656,16400.0,24.12606430053711
2019-01-17,27.049999237060547,26.950000762939453,26.950000762939453,26.950000762939453,10600.0,24.117116928100586
2019-01-18,27.299999237060547,26.940000534057617,26.940000534057617,26.969999313354492,30900.0,24.135013580322266
2019-01-22,27.18000030517578,26.81999969482422,26.959999084472656,26.889999389648438,17200.0,24.063419342041016
2019-01-23,27.510000228881836,26.90999984741211,27.139999389648438,27.0,13600.0,24.161861419677734
2019-01-24,27.420000076293945,27.010000228881836,27.049999237060547,27.290000915527344,12400.0,24.421375274658203
2019-01-25,27.5,27.209999084472656,27.209999084472656,27.450000762939453,10600.0,24.564556121826172
2019-01-28,27.8700008392334,27.229999542236328,27.229999542236328,27.600000381469727,14200.0,24.698793411254883
2019-01-29,27.690000534057617,27.479999542236328,27.65999984741211,27.559999465942383,8400.0,24.662996292114258
2019-01-30,27.770000457763672,27.549999237060547,27.670000076293945,27.68000030517578,10400.0,24.770381927490234
2019-01-31,27.700000762939453,27.469999313354492,27.59000015258789,27.579999923706055,9400.0,24.680892944335938
2019-02-01,27.760000228881836,27.459999084472656,27.459999084472656,27.59000015258789,6800.0,24.68984031677246
2019-02-04,27.719999313354492,27.5,27.5,27.540000915527344,9400.0,24.84319496154785
2019-02-05,27.649999618530273,27.5,27.549999237060547,27.530000686645508,5300.0,24.834177017211914
2019-02-06,27.75,27.549999237060547,27.6299991607666,27.559999465942383,4900.0,24.861236572265625
2019-02-07,27.799999237060547,27.40999984741211,27.799999237060547,27.40999984741211,10000.0,24.725923538208008
2019-02-08,27.639999389648438,27.459999084472656,27.5,27.459999084472656,6300.0,24.771026611328125
2019-02-11,27.65999984741211,27.329999923706055,27.65999984741211,27.389999389648438,6600.0,24.707883834838867
2019-02-12,27.709999084472656,27.579999923706055,27.690000534057617,27.709999084472656,5400.0,24.996545791625977
2019-02-13,27.899999618530273,27.5,27.899999618530273,27.729999542236328,16700.0,25.01458740234375
2019-02-14,27.899999618530273,27.0,27.799999237060547,27.010000228881836,25900.0,24.365089416503906
2019-02-15,28.350000381469727,27.149999618530273,27.149999618530273,28.139999389648438,23800.0,25.384441375732422
2019-02-19,28.420000076293945,27.899999618530273,28.219999313354492,28.25,24200.0,25.48366928100586
2019-02-20,28.290000915527344,27.860000610351562,28.190000534057617,28.0,13500.0,25.258146286010742
2019-02-21,28.260000228881836,27.670000076293945,27.670000076293945,28.18000030517578,5900.0,25.42052459716797
2019-02-22,28.280000686645508,28.030000686645508,28.110000610351562,28.25,10100.0,25.48366928100586
2019-02-25,28.309999465942383,27.959999084472656,28.149999618530273,28.260000228881836,21600.0,25.492692947387695
2019-02-26,28.25,27.889999389648438,28.18000030517578,27.940000534057617,3900.0,25.204025268554688
2019-02-27,28.18000030517578,27.93000030517578,28.049999237060547,28.170000076293945,14900.0,25.411502838134766
2019-02-28,28.299999237060547,27.950000762939453,28.079999923706055,28.100000381469727,6300.0,25.348358154296875
2019-03-01,28.270000457763672,28.100000381469727,28.270000457763672,28.1299991607666,3700.0,25.37541961669922
2019-03-04,28.200000762939453,27.920000076293945,27.959999084472656,28.020000457763672,10800.0,25.276193618774414
2019-03-05,28.09000015258789,27.899999618530273,27.920000076293945,27.979999542236328,6000.0,25.240108489990234
2019-03-06,28.059999465942383,27.799999237060547,27.8799991607666,27.799999237060547,39900.0,25.07773208618164
2019-03-07,27.950000762939453,27.299999237060547,27.799999237060547,27.299999237060547,10100.0,24.62669563293457
2019-03-08,27.389999389648438,27.1299991607666,27.360000610351562,27.239999771118164,7400.0,24.572572708129883
2019-03-11,27.239999771118164,27.06999969482422,27.190000534057617,27.239999771118164,22400.0,24.572572708129883
2019-03-12,27.559999465942383,27.100000381469727,27.25,27.100000381469727,15100.0,24.44628143310547
2019-03-13,27.170000076293945,27.020000457763672,27.100000381469727,27.100000381469727,11500.0,24.44628143310547
2019-03-14,27.09000015258789,26.969999313354492,27.059999465942383,27.010000228881836,22400.0,24.365089416503906
2019-03-15,27.34000015258789,26.15999984741211,27.049999237060547,26.170000076293945,68800.0,23.607351303100586
2019-03-18,27.010000228881836,26.270000457763672,26.270000457763672,26.790000915527344,24000.0,24.16663360595703
2019-03-19,26.850000381469727,26.600000381469727,26.850000381469727,26.700000762939453,24700.0,24.085453033447266
2019-03-20,26.75,26.579999923706055,26.6299991607666,26.579999923706055,59900.0,23.977203369140625
2019-03-21,27.049999237060547,26.459999084472656,26.600000381469727,26.790000915527344,9300.0,24.16663360595703
2019-03-22,26.809999465942383,26.389999389648438,26.709999084472656,26.540000915527344,22100.0,23.941120147705078
2019-03-25,27.149999618530273,26.440000534057617,26.440000534057617,26.950000762939453,24600.0,24.310970306396484
2019-03-26,27.049999237060547,26.899999618530273,26.899999618530273,27.020000457763672,11900.0,24.374114990234375
2019-03-27,27.43000030517578,26.940000534057617,26.959999084472656,27.049999237060547,16400.0,24.401174545288086
2019-03-28,27.200000762939453,26.920000076293945,26.920000076293945,27.010000228881836,6500.0,24.365089416503906
2019-03-29,27.299999237060547,26.8700008392334,27.049999237060547,26.90999984741211,35800.0,24.274885177612305
2019-04-01,27.3700008392334,26.950000762939453,27.15999984741211,27.299999237060547,32600.0,24.62669563293457
2019-04-02,27.899999618530273,27.18000030517578,27.18000030517578,27.739999771118164,35200.0,25.023611068725586
2019-04-03,27.940000534057617,27.649999618530273,27.809999465942383,27.8799991607666,7500.0,25.14990234375
2019-04-04,28.100000381469727,27.610000610351562,27.969999313354492,27.950000762939453,23200.0,25.213045120239258
2019-04-05,28.149999618530273,27.899999618530273,28.100000381469727,28.040000915527344,9600.0,25.294233322143555
2019-04-08,28.15999984741211,27.93000030517578,28.15999984741211,27.969999313354492,3400.0,25.23108673095703
2019-04-09,28.209999084472656,27.739999771118164,28.0,27.860000610351562,6500.0,25.13186264038086
2019-04-10,28.290000915527344,27.860000610351562,27.8700008392334,28.290000915527344,7800.0,25.519752502441406
2019-04-11,28.5,28.010000228881836,28.280000686645508,28.299999237060547,13600.0,25.528772354125977
2019-04-12,28.6299991607666,28.209999084472656,28.479999542236328,28.399999618530273,11700.0,25.61897850036621
2019-04-15,28.670000076293945,28.209999084472656,28.670000076293945,28.229999542236328,3500.0,25.465625762939453
2019-04-16,28.549999237060547,28.079999923706055,28.329999923706055,28.540000915527344,3900.0,25.745269775390625
2019-04-17,28.799999237060547,28.6200008392334,28.799999237060547,28.649999618530273,3100.0,25.844499588012695
2019-04-18,28.8700008392334,28.520000457763672,28.520000457763672,28.84000015258789,8100.0,26.015892028808594
2019-04-22,28.950000762939453,28.459999084472656,28.709999084472656,28.579999923706055,9400.0,25.781354904174805
2019-04-23,28.75,28.579999923706055,28.719999313354492,28.75,9900.0,25.934707641601562
2019-04-24,28.950000762939453,28.600000381469727,28.75,28.690000534057617,14200.0,25.880582809448242
2019-04-25,28.81999969482422,28.31999969482422,28.81999969482422,28.5,5800.0,25.709190368652344
2019-04-26,28.690000534057617,26.670000076293945,28.329999923706055,28.31999969482422,15200.0,25.546815872192383
2019-04-29,28.8700008392334,28.309999465942383,28.309999465942383,28.75,7500.0,25.934707641601562
2019-04-30,28.950000762939453,28.6200008392334,28.6200008392334,28.950000762939453,10700.0,26.11512565612793
2019-05-01,28.860000610351562,28.5,28.799999237060547,28.68000030517578,30000.0,25.87156105041504
2019-05-02,28.75,28.6299991607666,28.6299991607666,28.65999984741211,7400.0,25.8535213470459
2019-05-03,29.149999618530273,28.75,28.75,29.139999389648438,9800.0,26.286516189575195
2019-05-06,29.18000030517578,28.8799991607666,29.18000030517578,28.8799991607666,3600.0,26.051977157592773
2019-05-07,28.989999771118164,28.700000762939453,28.700000762939453,28.84000015258789,8200.0,26.015892028808594
2019-05-08,28.75,27.8700008392334,27.8700008392334,28.649999618530273,11800.0,26.04316520690918
2019-05-09,28.75,28.610000610351562,28.610000610351562,28.68000030517578,12200.0,26.070436477661133
2019-05-10,28.969999313354492,28.520000457763672,28.639999389648438,28.610000610351562,5900.0,26.006807327270508
2019-05-13,29.0,28.219999313354492,28.520000457763672,28.219999313354492,13300.0,25.65229034423828
2019-05-14,28.920000076293945,28.229999542236328,28.229999542236328,28.239999771118164,10400.0,25.67047119140625
2019-05-15,28.40999984741211,27.989999771118164,28.229999542236328,28.3700008392334,7400.0,25.788644790649414
2019-05-16,28.479999542236328,28.1200008392334,28.479999542236328,28.270000457763672,17900.0,25.69774055480957
2019-05-17,28.239999771118164,28.1200008392334,28.15999984741211,28.139999389648438,8000.0,25.579570770263672
2019-05-20,28.280000686645508,28.190000534057617,28.239999771118164,28.270000457763672,3000.0,25.69774055480957
2019-05-21,28.399999618530273,28.079999923706055,28.079999923706055,28.149999618530273,15100.0,25.588661193847656
2019-05-22,28.540000915527344,28.09000015258789,28.399999618530273,28.09000015258789,5500.0,25.534114837646484
2019-05-23,28.040000915527344,27.040000915527344,28.040000915527344,27.56999969482422,10400.0,25.06143569946289
2019-05-24,28.459999084472656,27.389999389648438,27.59000015258789,27.760000228881836,8400.0,25.234146118164062
2019-05-28,27.719999313354492,27.530000686645508,27.600000381469727,27.530000686645508,11900.0,25.025074005126953
2019-05-29,27.700000762939453,27.31999969482422,27.31999969482422,27.31999969482422,17600.0,24.83418083190918
2019-05-30,27.559999465942383,27.030000686645508,27.559999465942383,27.100000381469727,11300.0,24.634199142456055
2019-05-31,27.219999313354492,26.899999618530273,27.020000457763672,26.899999618530273,9300.0,24.452394485473633
2019-06-03,27.3799991607666,26.799999237060547,26.899999618530273,27.350000381469727,15200.0,24.861454010009766
2019-06-04,27.899999618530273,27.260000228881836,27.260000228881836,27.899999618530273,7600.0,25.361408233642578
2019-06-05,27.950000762939453,27.540000915527344,27.950000762939453,27.600000381469727,2800.0,25.08870506286621
2019-06-06,27.56999969482422,27.34000015258789,27.350000381469727,27.56999969482422,7200.0,25.06143569946289
2019-06-07,27.68000030517578,27.510000228881836,27.610000610351562,27.549999237060547,4400.0,25.043251037597656
2019-06-10,27.829999923706055,27.56999969482422,27.700000762939453,27.81999969482422,7000.0,25.28868293762207
2019-06-11,27.829999923706055,27.6200008392334,27.829999923706055,27.780000686645508,5800.0,25.2523250579834
2019-06-12,27.940000534057617,27.549999237060547,27.940000534057617,27.59000015258789,8900.0,25.079612731933594
2019-06-13,28.0,27.549999237060547,27.59000015258789,27.899999618530273,7700.0,25.361408233642578
2019-06-14,28.170000076293945,27.729999542236328,28.110000610351562,27.84000015258789,5100.0,25.306865692138672
2019-06-17,28.020000457763672,27.6299991607666,28.020000457763672,27.860000610351562,6700.0,25.325050354003906
2019-06-18,28.1299991607666,27.760000228881836,27.850000381469727,28.079999923706055,5300.0,25.52503204345703
2019-06-19,28.049999237060547,27.770000457763672,27.899999618530273,27.860000610351562,8100.0,25.325050354003906
2019-06-20,28.209999084472656,27.860000610351562,28.209999084472656,28.010000228881836,5900.0,25.461400985717773
2019-06-21,28.09000015258789,27.8700008392334,27.8799991607666,27.8799991607666,15700.0,25.34322738647461
2019-06-24,27.979999542236328,27.809999465942383,27.920000076293945,27.899999618530273,6500.0,25.361408233642578
2019-06-25,28.170000076293945,27.850000381469727,28.06999969482422,27.940000534057617,2900.0,25.397768020629883
2019-06-26,28.06999969482422,27.200000762939453,27.940000534057617,27.329999923706055,20100.0,24.843271255493164
2019-06-27,28.780000686645508,27.40999984741211,27.469999313354492,28.75,26100.0,26.134065628051758
2019-06-28,31.440000534057617,28.719999313354492,28.719999313354492,30.899999618530273,104700.0,28.088441848754883
2019-07-01,30.6200008392334,28.25,30.600000381469727,30.510000228881836,33500.0,27.73392677307129
2019-07-02,30.489999771118164,29.510000228881836,30.489999771118164,29.989999771118164,15300.0,27.261241912841797
2019-07-03,29.850000381469727,29.350000381469727,29.350000381469727,29.799999237060547,5000.0,27.088525772094727
2019-07-05,29.920000076293945,28.969999313354492,28.969999313354492,29.920000076293945,3800.0,27.289182662963867
2019-07-08,30.049999237060547,29.450000762939453,29.8700008392334,29.90999984741211,7700.0,27.280061721801758
2019-07-09,30.0,29.520000457763672,29.579999923706055,29.959999084472656,3300.0,27.325666427612305
2019-07-10,29.8799991607666,28.700000762939453,29.850000381469727,29.65999984741211,13700.0,27.052045822143555
2019-07-11,30.1200008392334,29.600000381469727,29.600000381469727,29.950000762939453,9200.0,27.316545486450195
2019-07-12,30.079999923706055,29.610000610351562,29.610000610351562,29.899999618530273,12100.0,27.270944595336914
2019-07-15,30.0,28.940000534057617,29.899999618530273,29.700000762939453,7800.0,27.08852767944336
2019-07-16,29.989999771118164,29.5,29.5,29.959999084472656,8800.0,27.325666427612305
2019-07-17,30.0,29.600000381469727,29.959999084472656,29.860000610351562,12800.0,27.23446273803711
2019-07-18,30.0,29.739999771118164,29.739999771118164,29.989999771118164,6600.0,27.353029251098633
2019-07-19,30.0,29.68000030517578,30.0,29.860000610351562,6500.0,27.23446273803711
2019-07-22,29.93000030517578,29.479999542236328,29.93000030517578,29.8799991607666,2800.0,27.252702713012695
2019-07-23,29.68000030517578,28.979999542236328,29.68000030517578,29.1299991607666,4000.0,26.56864356994629
2019-07-24,29.940000534057617,28.799999237060547,29.0,28.959999084472656,12800.0,26.413593292236328
2019-07-25,29.100000381469727,28.649999618530273,29.100000381469727,28.649999618530273,3400.0,26.13085174560547
2019-07-26,29.6299991607666,28.75,29.110000610351562,28.75,11900.0,26.222061157226562
2019-07-29,28.989999771118164,28.3700008392334,28.850000381469727,28.479999542236328,38000.0,25.975801467895508
2019-07-30,29.31999969482422,28.56999969482422,28.56999969482422,28.899999618530273,16200.0,26.358867645263672
2019-07-31,29.40999984741211,28.75,28.979999542236328,28.75,21700.0,26.222061157226562
2019-08-01,29.229999542236328,28.75,28.889999389648438,28.75,33200.0,26.222061157226562
2019-08-02,29.290000915527344,28.75,28.75,28.760000228881836,4700.0,26.231178283691406
2019-08-05,28.899999618530273,23.520000457763672,28.6200008392334,28.280000686645508,12300.0,25.79339027404785
2019-08-06,28.860000610351562,28.06999969482422,28.399999618530273,28.260000228881836,11900.0,25.775146484375
2019-08-07,28.239999771118164,28.0,28.0,28.049999237060547,12300.0,25.78433609008789
2019-08-08,28.399999618530273,27.989999771118164,28.290000915527344,27.989999771118164,16200.0,25.72917938232422
2019-08-09,28.149999618530273,27.899999618530273,28.049999237060547,27.899999618530273,6700.0,25.646451950073242
2019-08-12,27.959999084472656,27.809999465942383,27.920000076293945,27.809999465942383,9800.0,25.563722610473633
2019-08-13,28.34000015258789,27.809999465942383,27.809999465942383,28.34000015258789,15100.0,26.05091667175293
2019-08-14,28.139999389648438,27.81999969482422,27.81999969482422,28.0,11700.0,25.738372802734375
2019-08-15,28.260000228881836,27.850000381469727,28.100000381469727,28.09000015258789,5900.0,25.821102142333984
2019-08-16,28.25,28.010000228881836,28.18000030517578,28.190000534057617,6600.0,25.91303062438965
2019-08-19,28.25,27.979999542236328,28.25,28.030000686645508,7500.0,25.76595115661621
2019-08-20,28.020000457763672,27.84000015258789,28.0,27.959999084472656,7800.0,25.701602935791016
2019-08-21,28.309999465942383,27.81999969482422,27.8799991607666,27.959999084472656,5700.0,25.701602935791016
2019-08-22,28.020000457763672,27.760000228881836,27.959999084472656,27.770000457763672,6000.0,25.526954650878906
2019-08-23,27.899999618530273,27.0,27.770000457763672,27.0,13100.0,24.81914520263672
2019-08-26,27.489999771118164,27.020000457763672,27.020000457763672,27.3799991607666,6500.0,25.168455123901367
2019-08-27,27.469999313354492,27.06999969482422,27.469999313354492,27.1299991607666,12600.0,24.938644409179688
2019-08-28,27.43000030517578,27.149999618530273,27.149999618530273,27.34000015258789,7500.0,25.131685256958008
2019-08-29,27.780000686645508,27.309999465942383,27.5,27.469999313354492,6000.0,25.25118637084961
2019-08-30,27.770000457763672,27.34000015258789,27.420000076293945,27.350000381469727,5600.0,25.140878677368164
2019-09-03,27.1200008392334,27.010000228881836,27.1200008392334,27.010000228881836,9200.0,24.828338623046875
2019-09-04,27.280000686645508,27.059999465942383,27.059999465942383,27.100000381469727,1700.0,24.91107177734375
2019-09-05,27.450000762939453,27.15999984741211,27.350000381469727,27.239999771118164,14500.0,25.039762496948242
2019-09-06,27.520000457763672,27.350000381469727,27.350000381469727,27.520000457763672,5500.0,25.297143936157227
2019-09-09,27.610000610351562,27.270000457763672,27.520000457763672,27.5,16500.0,25.278759002685547
2019-09-10,27.729999542236328,27.329999923706055,27.450000762939453,27.600000381469727,14300.0,25.370685577392578
2019-09-11,28.3700008392334,27.8799991607666,27.8799991607666,28.1200008392334,7500.0,25.848682403564453
2019-09-12,28.5,27.729999542236328,28.030000686645508,28.299999237060547,21600.0,26.014144897460938
2019-09-13,28.719999313354492,28.31999969482422,28.450000762939453,28.5,9700.0,26.197986602783203
2019-09-16,28.649999618530273,28.209999084472656,28.219999313354492,28.6200008392334,13000.0,26.30829429626465
2019-09-17,28.649999618530273,28.06999969482422,28.649999618530273,28.309999465942383,9900.0,26.023332595825195
2019-09-18,28.450000762939453,28.149999618530273,28.43000030517578,28.149999618530273,13200.0,25.87626075744629
2019-09-19,28.510000228881836,28.229999542236328,28.280000686645508,28.25,12500.0,25.968181610107422
2019-09-20,29.450000762939453,28.25,28.25,29.40999984741211,59000.0,27.034488677978516
2019-09-23,29.25,28.799999237060547,29.030000686645508,29.190000534057617,16500.0,26.832258224487305
2019-09-24,29.18000030517578,28.489999771118164,29.0,28.520000457763672,12600.0,26.216373443603516
2019-09-25,29.06999969482422,28.40999984741211,28.600000381469727,28.809999465942383,10000.0,26.48295021057129
2019-09-26,28.850000381469727,28.639999389648438,28.799999237060547,28.639999389648438,4900.0,26.32668113708496
2019-09-27,29.09000015258789,28.5,29.0,28.5,7800.0,26.197986602783203
2019-09-30,28.799999237060547,28.579999923706055,28.799999237060547,28.579999923706055,4800.0,26.271528244018555
2019-10-01,28.510000228881836,28.260000228881836,28.510000228881836,28.260000228881836,7500.0,25.977375030517578
2019-10-02,28.3799991607666,28.25,28.25,28.25,12600.0,25.968181610107422
2019-10-03,28.399999618530273,28.1200008392334,28.25,28.270000457763672,16100.0,25.9865665435791
2019-10-04,28.350000381469727,28.25,28.350000381469727,28.31999969482422,6000.0,26.032527923583984
2019-10-07,28.43000030517578,28.25,28.389999389648438,28.25,6700.0,25.968181610107422
2019-10-08,28.329999923706055,28.170000076293945,28.25,28.25,11300.0,25.968181610107422
2019-10-09,28.489999771118164,28.25,28.280000686645508,28.280000686645508,6600.0,25.995763778686523
2019-10-10,28.5,28.25,28.280000686645508,28.25,13900.0,25.968181610107422
2019-10-11,28.469999313354492,28.270000457763672,28.299999237060547,28.31999969482422,16000.0,26.032527923583984
2019-10-14,28.450000762939453,28.079999923706055,28.280000686645508,28.260000228881836,10400.0,25.977375030517578
2019-10-15,28.600000381469727,28.25,28.280000686645508,28.34000015258789,15300.0,26.05091667175293
2019-10-16,28.59000015258789,28.299999237060547,28.350000381469727,28.350000381469727,7000.0,26.060104370117188
2019-10-17,28.520000457763672,28.25,28.25,28.309999465942383,13400.0,26.023332595825195
2019-10-18,28.5,28.25,28.25,28.399999618530273,6700.0,26.106063842773438
2019-10-21,29.229999542236328,28.329999923706055,28.56999969482422,28.93000030517578,10200.0,26.593257904052734
2019-10-22,29.09000015258789,28.81999969482422,28.860000610351562,29.0,5700.0,26.65760040283203
2019-10-23,28.989999771118164,28.760000228881836,28.760000228881836,28.969999313354492,2800.0,26.630027770996094
2019-10-24,29.079999923706055,28.860000610351562,29.049999237060547,28.8799991607666,9000.0,26.54729652404785
2019-10-25,29.260000228881836,28.84000015258789,28.940000534057617,28.920000076293945,7700.0,26.584064483642578
2019-10-28,29.43000030517578,28.93000030517578,29.43000030517578,28.979999542236328,5100.0,26.639217376708984
2019-10-29,29.489999771118164,29.100000381469727,29.100000381469727,29.309999465942383,9600.0,26.942562103271484
2019-10-30,29.579999923706055,29.079999923706055,29.5,29.350000381469727,35100.0,26.97933006286621
2019-10-31,29.579999923706055,29.170000076293945,29.280000686645508,29.559999465942383,13600.0,27.17237091064453
2019-11-01,29.93000030517578,29.600000381469727,29.68000030517578,29.90999984741211,11400.0,27.49410057067871
2019-11-04,30.399999618530273,29.829999923706055,29.829999923706055,30.329999923706055,8500.0,27.88017463684082
2019-11-05,30.700000762939453,30.43000030517578,30.469999313354492,30.700000762939453,18800.0,28.22028923034668
2019-11-06,30.649999618530273,30.43000030517578,30.489999771118164,30.56999969482422,8200.0,28.31290626525879
2019-11-07,30.850000381469727,30.530000686645508,30.6200008392334,30.6200008392334,28300.0,28.35921287536621
2019-11-08,30.549999237060547,30.459999084472656,30.459999084472656,30.549999237060547,11600.0,28.294382095336914
2019-11-11,30.540000915527344,30.399999618530273,30.399999618530273,30.540000915527344,6700.0,28.28512191772461
2019-11-12,30.600000381469727,30.40999984741211,30.540000915527344,30.510000228881836,7600.0,28.257335662841797
2019-11-13,30.739999771118164,30.459999084472656,30.540000915527344,30.739999771118164,8400.0,28.470354080200195
2019-11-14,30.889999389648438,30.610000610351562,30.889999389648438,30.65999984741211,7000.0,28.396259307861328
2019-11-15,30.950000762939453,30.559999465942383,30.809999465942383,30.579999923706055,13800.0,28.322166442871094
2019-11-18,30.65999984741211,30.530000686645508,30.65999984741211,30.65999984741211,3600.0,28.396259307861328
2019-11-19,31.059999465942383,30.610000610351562,30.799999237060547,30.940000534057617,18400.0,28.65558624267578
2019-11-20,31.09000015258789,30.6200008392334,30.739999771118164,30.6200008392334,22000.0,28.35921287536621
2019-11-21,30.920000076293945,30.709999084472656,30.84000015258789,30.709999084472656,9300.0,28.442569732666016
2019-11-22,30.969999313354492,30.700000762939453,30.799999237060547,30.799999237060547,5300.0,28.525924682617188
2019-11-25,31.6299991607666,30.920000076293945,30.920000076293945,31.18000030517578,14000.0,28.877870559692383
2019-11-26,31.6200008392334,31.200000762939453,31.280000686645508,31.600000381469727,7500.0,29.26685905456543
2019-11-27,31.709999084472656,31.399999618530273,31.68000030517578,31.670000076293945,5600.0,29.331689834594727
2019-11-29,31.729999542236328,31.31999969482422,31.549999237060547,31.690000534057617,3100.0,29.3502140045166
2019-12-02,31.790000915527344,31.40999984741211,31.739999771118164,31.510000228881836,13300.0,29.183504104614258
2019-12-03,31.1200008392334,30.510000228881836,31.1200008392334,30.709999084472656,7900.0,28.90117073059082
2019-12-04,31.219999313354492,30.510000228881836,30.510000228881836,31.079999923706055,10100.0,29.24937629699707
2019-12-05,31.459999084472656,30.520000457763672,31.030000686645508,30.530000686645508,11300.0,28.731773376464844
2019-12-06,31.3700008392334,30.700000762939453,30.780000686645508,30.90999984741211,18500.0,29.089391708374023
2019-12-09,31.1299991607666,30.809999465942383,31.1299991607666,30.93000030517578,9600.0,29.10821533203125
2019-12-10,31.209999084472656,30.8799991607666,30.899999618530273,31.15999984741211,9300.0,29.324665069580078
2019-12-11,31.25,30.799999237060547,31.020000457763672,31.25,22300.0,29.409364700317383
2019-12-12,31.899999618530273,31.399999618530273,31.450000762939453,31.899999618530273,9000.0,30.021080017089844
2019-12-13,31.920000076293945,31.1299991607666,31.700000762939453,31.920000076293945,6600.0,30.039899826049805
2019-12-16,32.2599983215332,31.739999771118164,31.850000381469727,32.0,16000.0,30.115190505981445
2019-12-17,32.400001525878906,31.81999969482422,31.989999771118164,32.290000915527344,10700.0,30.388107299804688
2019-12-18,32.400001525878906,32.2400016784668,32.400001525878906,32.2400016784668,10800.0,30.341054916381836
2019-12-19,32.41999816894531,32.0,32.27000045776367,32.400001525878906,15900.0,30.49163246154785
2019-12-20,32.45000076293945,32.349998474121094,32.45000076293945,32.400001525878906,22300.0,30.49163246154785
2019-12-23,32.34000015258789,31.3700008392334,32.25,31.600000381469727,10500.0,29.73874855041504
2019-12-24,31.889999389648438,31.110000610351562,31.110000610351562,31.389999389648438,4800.0,29.541118621826172
2019-12-26,31.530000686645508,30.520000457763672,31.040000915527344,31.350000381469727,3400.0,29.503475189208984
2019-12-27,31.56999969482422,31.309999465942383,31.559999465942383,31.350000381469727,4800.0,29.503475189208984
2019-12-30,31.489999771118164,30.6200008392334,31.489999771118164,30.809999465942383,7100.0,28.995281219482422
2019-12-31,31.1299991607666,30.639999389648438,30.829999923706055,30.940000534057617,7600.0,29.117626190185547
2020-01-02,31.110000610351562,30.760000228881836,30.950000762939453,30.770000457763672,4900.0,28.957637786865234
2020-01-03,30.899999618530273,30.469999313354492,30.690000534057617,30.469999313354492,2500.0,28.675308227539062
2020-01-06,31.280000686645508,30.450000762939453,30.459999084472656,30.920000076293945,13300.0,29.09880256652832
2020-01-07,31.100000381469727,30.450000762939453,31.0,30.530000686645508,5700.0,28.731773376464844
2020-01-08,30.709999084472656,30.440000534057617,30.56999969482422,30.440000534057617,9400.0,28.64707374572754
2020-01-09,30.8700008392334,30.260000228881836,30.520000457763672,30.260000228881836,12100.0,28.47767448425293
2020-01-10,30.559999465942383,30.280000686645508,30.399999618530273,30.440000534057617,12100.0,28.64707374572754
2020-01-13,30.93000030517578,30.450000762939453,30.5,30.8700008392334,10100.0,29.051748275756836
2020-01-14,30.979999542236328,30.43000030517578,30.8700008392334,30.540000915527344,11000.0,28.74118423461914
2020-01-15,31.1299991607666,30.600000381469727,30.6299991607666,30.809999465942383,14600.0,28.995281219482422
2020-01-16,31.0,30.8700008392334,30.940000534057617,30.969999313354492,6600.0,29.145856857299805
2020-01-17,31.0,30.610000610351562,31.0,30.610000610351562,8300.0,28.807064056396484
2020-01-21,30.739999771118164,30.270000457763672,30.739999771118164,30.270000457763672,5400.0,28.487091064453125
2020-01-22,30.489999771118164,30.219999313354492,30.489999771118164,30.25,2900.0,28.468265533447266
2020-01-23,30.6299991607666,30.360000610351562,30.360000610351562,30.6299991607666,2700.0,28.825883865356445
2020-01-24,30.43000030517578,29.770000457763672,30.43000030517578,29.770000457763672,7400.0,28.016538619995117
2020-01-27,30.139999389648438,29.860000610351562,29.860000610351562,30.0,4900.0,28.232990264892578
2020-01-28,30.209999084472656,29.8700008392334,30.0,30.059999465942383,7300.0,28.289457321166992
2020-01-29,30.190000534057617,29.56999969482422,30.190000534057617,29.90999984741211,8900.0,28.148290634155273
2020-01-30,30.139999389648438,29.25,29.40999984741211,30.0,5200.0,28.232990264892578
2020-01-31,29.889999389648438,29.030000686645508,29.649999618530273,29.030000686645508,9800.0,27.320125579833984
2020-02-03,29.940000534057617,29.25,29.899999618530273,29.299999237060547,12800.0,27.574220657348633
2020-02-04,29.899999618530273,29.15999984741211,29.829999923706055,29.31999969482422,9000.0,27.59304428100586
2020-02-05,29.780000686645508,29.399999618530273,29.399999618530273,29.780000686645508,4000.0,28.025949478149414
2020-02-06,30.389999389648438,29.40999984741211,29.770000457763672,29.979999542236328,18700.0,28.214168548583984
2020-02-07,30.399999618530273,29.549999237060547,30.020000457763672,30.049999237060547,26600.0,28.280046463012695
2020-02-10,30.239999771118164,29.850000381469727,30.200000762939453,30.100000381469727,4700.0,28.32710075378418
2020-02-11,30.40999984741211,30.0,30.139999389648438,30.170000076293945,15400.0,28.392976760864258
2020-02-12,30.09000015258789,29.6299991607666,30.09000015258789,29.690000534057617,7800.0,28.15589714050293
2020-02-13,29.989999771118164,29.139999389648438,29.139999389648438,29.989999771118164,4500.0,28.44039535522461
2020-02-14,29.989999771118164,29.389999389648438,29.989999771118164,29.799999237060547,8300.0,28.260211944580078
2020-02-18,29.700000762939453,29.360000610351562,29.56999969482422,29.479999542236328,4400.0,27.956745147705078
2020-02-19,29.760000228881836,29.469999313354492,29.760000228881836,29.579999923706055,6700.0,28.051576614379883
2020-02-20,29.829999923706055,29.59000015258789,29.739999771118164,29.59000015258789,9000.0,28.061063766479492
2020-02-21,29.6299991607666,29.149999618530273,29.6299991607666,29.299999237060547,8000.0,27.786046981811523
2020-02-24,29.010000228881836,28.31999969482422,28.8700008392334,28.31999969482422,5900.0,26.8566837310791
2020-02-25,28.75,28.280000686645508,28.549999237060547,28.450000762939453,15100.0,26.979969024658203
2020-02-26,28.899999618530273,28.5,28.639999389648438,28.559999465942383,14800.0,27.084285736083984
2020-02-27,28.3799991607666,27.020000457763672,28.3799991607666,27.18000030517578,25700.0,25.775588989257812
2020-02-28,27.799999237060547,23.770000457763672,26.59000015258789,25.420000076293945,28800.0,24.106529235839844
2020-03-02,26.399999618530273,25.5,25.6299991607666,26.399999618530273,22900.0,25.035892486572266
2020-03-03,26.8700008392334,26.229999542236328,26.399999618530273,26.68000030517578,51700.0,25.301424026489258
2020-03-04,26.979999542236328,26.059999465942383,26.850000381469727,26.899999618530273,17800.0,25.510055541992188
2020-03-05,26.729999542236328,25.040000915527344,26.329999923706055,25.549999237060547,22000.0,24.22981071472168
2020-03-06,25.649999618530273,24.549999237060547,25.0,24.829999923706055,13700.0,23.547016143798828
2020-03-09,24.010000228881836,22.510000228881836,23.829999923706055,23.270000457763672,27600.0,22.067623138427734
2020-03-10,25.139999389648438,22.639999389648438,23.780000686645508,23.0,40700.0,21.811574935913086
2020-03-11,23.479999542236328,22.31999969482422,22.600000381469727,22.559999465942383,24000.0,21.39430809020996
2020-03-12,21.940000534057617,20.649999618530273,21.549999237060547,21.049999237060547,26800.0,19.962331771850586
2020-03-13,23.540000915527344,21.540000915527344,21.760000228881836,23.540000915527344,23300.0,22.323671340942383
2020-03-16,22.56999969482422,20.260000228881836,22.0,21.030000686645508,22400.0,19.9433650970459
2020-03-17,23.809999465942383,20.260000228881836,21.0,23.809999465942383,34700.0,22.579721450805664
2020-03-18,23.290000915527344,21.020000457763672,23.0,21.079999923706055,43900.0,19.990779876708984
2020-03-19,22.030000686645508,20.559999465942383,21.299999237060547,20.8700008392334,45600.0,19.7916316986084
2020-03-20,21.790000915527344,20.649999618530273,20.75,21.200000762939453,54400.0,20.10457992553711
2020-03-23,21.1200008392334,20.25,20.920000076293945,20.3799991607666,31100.0,19.326950073242188
2020-03-24,25.18000030517578,20.549999237060547,21.18000030517578,25.149999618530273,30100.0,23.850479125976562
2020-03-25,25.079999923706055,23.100000381469727,25.079999923706055,23.100000381469727,21000.0,21.90640640258789
2020-03-26,25.18000030517578,23.149999618530273,23.149999618530273,25.18000030517578,26800.0,23.878931045532227
2020-03-27,25.399999618530273,24.15999984741211,24.489999771118164,24.309999465942383,19600.0,23.053882598876953
2020-03-30,24.93000030517578,23.5,24.219999313354492,24.1200008392334,22500.0,22.873703002929688
2020-03-31,24.549999237060547,23.1200008392334,24.100000381469727,24.549999237060547,60400.0,23.28148078918457
2020-04-01,24.899999618530273,23.25,24.149999618530273,23.260000228881836,35100.0,22.05813980102539
2020-04-02,24.809999465942383,23.25,23.299999237060547,24.56999969482422,38300.0,23.30044937133789
2020-04-03,24.639999389648438,22.8700008392334,24.360000610351562,23.479999542236328,39200.0,22.26677131652832
2020-04-06,24.84000015258789,23.610000610351562,23.889999389648438,24.84000015258789,27600.0,23.55649757385254
2020-04-07,25.479999542236328,24.0,25.450000762939453,24.68000030517578,25500.0,23.404767990112305
2020-04-08,25.350000381469727,24.56999969482422,24.690000534057617,25.260000228881836,18000.0,23.954795837402344
2020-04-09,27.520000457763672,25.520000457763672,25.540000915527344,27.459999084472656,37700.0,26.041120529174805
2020-04-13,27.459999084472656,25.200000762939453,27.459999084472656,25.40999984741211,31100.0,24.097047805786133
2020-04-14,26.389999389648438,25.06999969482422,26.3799991607666,25.5,44100.0,24.182395935058594
2020-04-15,25.280000686645508,24.0,25.010000228881836,24.100000381469727,49100.0,22.854734420776367
2020-04-16,24.149999618530273,22.15999984741211,23.799999237060547,23.440000534057617,26100.0,22.228837966918945
2020-04-17,26.0,24.0,24.049999237060547,25.399999618530273,43500.0,24.087562561035156
2020-04-20,25.75,24.75,25.0,25.149999618530273,18800.0,23.850479125976562
2020-04-21,25.540000915527344,24.43000030517578,24.700000762939453,25.360000610351562,21400.0,24.049631118774414
2020-04-22,25.600000381469727,24.139999389648438,25.510000228881836,24.84000015258789,14200.0,23.55649757385254
2020-04-23,25.75,24.579999923706055,24.829999923706055,25.600000381469727,17400.0,24.27722930908203
2020-04-24,25.440000534057617,23.760000228881836,25.440000534057617,24.600000381469727,15500.0,23.32889747619629
2020-04-27,25.459999084472656,24.770000457763672,24.770000457763672,25.15999984741211,25100.0,23.85996437072754
2020-04-28,26.0,24.649999618530273,25.75,25.31999969482422,23900.0,24.011695861816406
2020-04-29,27.0,25.149999618530273,25.959999084472656,26.530000686645508,38900.0,25.159175872802734
2020-04-30,25.989999771118164,24.8700008392334,25.690000534057617,25.1299991607666,25000.0,23.831512451171875
2020-05-01,24.899999618530273,23.600000381469727,24.59000015258789,24.700000762939453,28800.0,23.42373275756836
2020-05-04,25.600000381469727,23.729999542236328,24.530000686645508,25.399999618530273,19200.0,24.087562561035156
2020-05-05,25.479999542236328,24.270000457763672,25.479999542236328,24.350000381469727,24900.0,23.091819763183594
2020-05-06,24.6200008392334,23.93000030517578,24.6200008392334,24.0,13100.0,22.759902954101562
2020-05-07,24.709999084472656,24.09000015258789,24.40999984741211,24.420000076293945,16100.0,23.158199310302734
2020-05-08,25.799999237060547,24.469999313354492,24.8799991607666,25.329999923706055,28600.0,24.02117919921875
2020-05-11,24.969999313354492,23.84000015258789,24.90999984741211,24.360000610351562,48000.0,23.101303100585938
2020-05-12,24.420000076293945,23.3700008392334,24.0,23.520000457763672,29000.0,22.304704666137695
2020-05-13,23.299999237060547,21.989999771118164,23.110000610351562,23.1200008392334,22500.0,22.141897201538086
2020-05-14,23.329999923706055,21.309999465942383,22.489999771118164,22.549999237060547,29700.0,21.596010208129883
2020-05-15,23.110000610351562,21.8700008392334,22.559999465942383,22.899999618530273,17100.0,21.931203842163086
2020-05-18,25.049999237060547,23.350000381469727,23.81999969482422,24.809999465942383,30100.0,23.760398864746094
2020-05-19,24.809999465942383,23.31999969482422,24.6200008392334,23.719999313354492,25300.0,22.71651268005371
2020-05-20,25.1299991607666,23.489999771118164,24.200000762939453,24.950000762939453,14400.0,23.89447784423828
2020-05-21,25.139999389648438,24.309999465942383,24.8700008392334,24.81999969482422,12200.0,23.769975662231445
2020-05-22,25.31999969482422,24.209999084472656,24.81999969482422,24.420000076293945,10000.0,23.386898040771484
2020-05-26,25.649999618530273,25.010000228881836,25.299999237060547,25.360000610351562,27700.0,24.287132263183594
2020-05-27,27.520000457763672,25.809999465942383,26.149999618530273,27.31999969482422,26300.0,26.164213180541992
2020-05-28,27.6200008392334,25.969999313354492,27.6200008392334,25.969999313354492,41000.0,24.87132453918457
2020-05-29,26.639999389648438,25.059999465942383,25.979999542236328,25.43000030517578,12700.0,24.354171752929688
2020-06-01,25.670000076293945,24.549999237060547,25.450000762939453,24.770000457763672,28900.0,23.72209358215332
2020-06-02,25.190000534057617,23.850000381469727,25.190000534057617,24.459999084472656,25500.0,23.425209045410156
2020-06-03,26.280000686645508,25.040000915527344,25.040000915527344,25.34000015258789,24900.0,24.26797866821289
2020-06-04,26.0,25.09000015258789,25.219999313354492,25.459999084472656,23200.0,24.382902145385742
2020-06-05,27.5,26.350000381469727,26.350000381469727,27.100000381469727,26700.0,25.953519821166992
2020-06-08,27.780000686645508,26.3799991607666,27.780000686645508,26.75,21900.0,25.618328094482422
2020-06-09,26.290000915527344,25.0,26.290000915527344,25.899999618530273,21300.0,24.80428695678711
2020-06-10,25.81999969482422,24.799999237060547,25.81999969482422,24.809999465942383,13300.0,23.760398864746094
2020-06-11,24.06999969482422,22.790000915527344,24.06999969482422,22.920000076293945,28600.0,21.95035743713379
2020-06-12,24.15999984741211,23.030000686645508,24.15999984741211,24.139999389648438,31100.0,23.118743896484375
2020-06-15,24.43000030517578,23.25,23.25,23.979999542236328,21600.0,22.965511322021484
2020-06-16,24.700000762939453,23.639999389648438,24.520000457763672,24.43000030517578,23400.0,23.396474838256836
2020-06-17,24.43000030517578,23.950000762939453,24.43000030517578,23.969999313354492,41400.0,22.955934524536133
2020-06-18,24.389999389648438,23.75,23.940000534057617,23.780000686645508,31300.0,22.773975372314453
2020-06-19,24.200000762939453,23.3799991607666,24.190000534057617,24.1200008392334,52500.0,23.099592208862305
2020-06-22,24.200000762939453,23.559999465942383,23.670000076293945,23.700000762939453,26100.0,22.69736099243164
2020-06-23,24.100000381469727,23.420000076293945,23.899999618530273,23.440000534057617,31800.0,22.4483585357666
2020-06-24,23.25,22.450000762939453,23.25,22.530000686645508,21600.0,21.576858520507812
2020-06-25,23.25,22.270000457763672,22.31999969482422,23.219999313354492,18200.0,22.2376651763916
2020-06-26,22.860000610351562,21.309999465942383,22.860000610351562,21.479999542236328,93100.0,20.57127571105957
2020-06-29,23.600000381469727,22.040000915527344,22.040000915527344,23.600000381469727,26300.0,22.60158920288086
2020-06-30,24.0,23.200000762939453,23.200000762939453,23.790000915527344,15000.0,22.783552169799805
2020-07-01,23.979999542236328,22.579999923706055,23.979999542236328,22.84000015258789,16300.0,21.873743057250977
2020-07-02,23.309999465942383,22.43000030517578,23.309999465942383,22.59000015258789,14700.0,21.634319305419922
2020-07-06,23.18000030517578,22.459999084472656,23.049999237060547,22.8799991607666,13900.0,21.91204833984375
2020-07-07,22.729999542236328,21.700000762939453,22.6299991607666,21.829999923706055,35400.0,20.906471252441406
2020-07-08,22.0,21.049999237060547,21.75,21.530000686645508,27500.0,20.61916160583496
2020-07-09,21.90999984741211,20.770000457763672,21.360000610351562,20.790000915527344,26900.0,19.91046905517578
2020-07-10,21.84000015258789,20.809999465942383,20.93000030517578,21.809999465942383,17700.0,20.887313842773438
2020-07-13,22.299999237060547,21.450000762939453,21.809999465942383,21.93000030517578,19800.0,21.002239227294922
2020-07-14,22.350000381469727,21.940000534057617,22.239999771118164,22.110000610351562,12500.0,21.174625396728516
2020-07-15,23.209999084472656,22.450000762939453,22.450000762939453,22.860000610351562,19200.0,21.892898559570312
2020-07-16,22.75,22.5,22.639999389648438,22.559999465942383,10000.0,21.605587005615234
2020-07-17,22.5,22.010000228881836,22.350000381469727,22.020000457763672,14200.0,21.08843231201172
2020-07-20,21.920000076293945,21.520000457763672,21.920000076293945,21.549999237060547,10500.0,20.638317108154297
2020-07-21,22.18000030517578,21.68000030517578,21.790000915527344,21.940000534057617,20900.0,21.011816024780273
2020-07-22,21.84000015258789,21.639999389648438,21.700000762939453,21.829999923706055,8100.0,20.906471252441406
2020-07-23,22.030000686645508,21.56999969482422,21.700000762939453,21.799999237060547,14500.0,20.87774085998535
2020-07-24,22.040000915527344,21.579999923706055,21.639999389648438,21.6200008392334,7300.0,20.705354690551758
2020-07-27,21.56999969482422,20.809999465942383,21.56999969482422,20.809999465942383,15200.0,19.92962074279785
2020-07-28,21.059999465942383,20.420000076293945,21.059999465942383,20.420000076293945,18100.0,19.556121826171875
2020-07-29,21.68000030517578,20.56999969482422,20.690000534057617,21.1299991607666,41700.0,20.236083984375
2020-07-30,21.260000228881836,20.81999969482422,20.84000015258789,20.860000610351562,9400.0,19.977506637573242
2020-07-31,22.079999923706055,20.860000610351562,20.860000610351562,21.969999313354492,27300.0,21.040546417236328
2020-08-03,22.510000228881836,21.899999618530273,21.899999618530273,22.15999984741211,20400.0,21.222509384155273
2020-08-04,22.299999237060547,21.950000762939453,21.989999771118164,22.1299991607666,7300.0,21.19378089904785
2020-08-05,22.469999313354492,22.09000015258789,22.309999465942383,22.299999237060547,10300.0,21.356586456298828
2020-08-06,22.299999237060547,22.0,22.010000228881836,22.09000015258789,5900.0,21.155473709106445
2020-08-07,22.559999465942383,21.959999084472656,21.969999313354492,22.559999465942383,12900.0,21.605587005615234
2020-08-10,23.31999969482422,22.34000015258789,22.549999237060547,23.040000915527344,16600.0,22.065282821655273
2020-08-11,23.8700008392334,22.940000534057617,23.489999771118164,23.219999313354492,24900.0,22.2376651763916
2020-08-12,23.459999084472656,22.559999465942383,23.459999084472656,23.219999313354492,12700.0,22.460140228271484
2020-08-13,23.1299991607666,22.40999984741211,22.979999542236328,22.5,17700.0,21.763702392578125
2020-08-14,22.540000915527344,22.1299991607666,22.309999465942383,22.540000915527344,8300.0,21.802392959594727
2020-08-17,22.510000228881836,22.020000457763672,22.309999465942383,22.049999237060547,13100.0,21.328428268432617
2020-08-18,22.260000228881836,21.709999084472656,22.260000228881836,21.790000915527344,11600.0,21.076936721801758
2020-08-19,22.170000076293945,21.510000228881836,21.84000015258789,21.81999969482422,8800.0,21.105955123901367
2020-08-20,21.81999969482422,21.5,21.639999389648438,21.600000381469727,15400.0,20.893152236938477
2020-08-21,21.8700008392334,21.209999084472656,21.520000457763672,21.510000228881836,18500.0,20.80609893798828
2020-08-24,22.030000686645508,21.309999465942383,21.510000228881836,21.559999465942383,10100.0,20.854461669921875
2020-08-25,21.84000015258789,21.239999771118164,21.760000228881836,21.239999771118164,15600.0,20.544933319091797
2020-08-26,21.829999923706055,21.34000015258789,21.420000076293945,21.34000015258789,22400.0,20.641660690307617
2020-08-27,21.799999237060547,21.530000686645508,21.579999923706055,21.530000686645508,8800.0,20.825443267822266
2020-08-28,21.75,21.200000762939453,21.709999084472656,21.5,11800.0,20.79642677307129
2020-08-31,21.760000228881836,21.0,21.3799991607666,21.15999984741211,35700.0,20.46755027770996
2020-09-01,21.530000686645508,21.06999969482422,21.200000762939453,21.34000015258789,19300.0,20.641660690307617
2020-09-02,21.469999313354492,21.170000076293945,21.270000457763672,21.299999237060547,11300.0,20.602968215942383
2020-09-03,21.940000534057617,21.209999084472656,21.309999465942383,21.3799991607666,11400.0,20.68035125732422
2020-09-04,21.90999984741211,21.200000762939453,21.700000762939453,21.600000381469727,8300.0,20.893152236938477
2020-09-08,21.81999969482422,21.110000610351562,21.610000610351562,21.809999465942383,23300.0,21.09627914428711
2020-09-09,22.81999969482422,21.610000610351562,21.90999984741211,22.190000534057617,20700.0,21.46384620666504
2020-09-10,22.40999984741211,21.739999771118164,22.0,22.149999618530273,14500.0,21.425153732299805
2020-09-11,22.3700008392334,21.540000915527344,22.3700008392334,21.610000610351562,8700.0,20.9028263092041
2020-09-14,21.979999542236328,21.600000381469727,21.780000686645508,21.68000030517578,7700.0,20.970537185668945
2020-09-15,22.079999923706055,21.200000762939453,22.079999923706055,21.229999542236328,4300.0,20.535261154174805
2020-09-16,21.700000762939453,21.200000762939453,21.579999923706055,21.5,15700.0,20.79642677307129
2020-09-17,21.56999969482422,21.329999923706055,21.549999237060547,21.540000915527344,9600.0,20.83511734008789
2020-09-18,22.25,21.020000457763672,21.729999542236328,21.079999923706055,93600.0,20.390169143676758
2020-09-21,21.850000381469727,19.969999313354492,21.020000457763672,20.110000610351562,26500.0,19.451913833618164
2020-09-22,20.25,19.469999313354492,20.25,19.950000762939453,21900.0,19.297147750854492
2020-09-23,20.100000381469727,19.229999542236328,20.0,19.270000457763672,14900.0,18.639402389526367
2020-09-24,20.110000610351562,19.489999771118164,19.93000030517578,19.700000762939453,11300.0,19.055330276489258
2020-09-25,20.139999389648438,19.719999313354492,19.950000762939453,20.020000457763672,8400.0,19.364858627319336
2020-09-28,20.84000015258789,20.299999237060547,20.84000015258789,20.520000457763672,9200.0,19.84849739074707
2020-09-29,20.540000915527344,20.1299991607666,20.290000915527344,20.399999618530273,5500.0,19.732421875
2020-09-30,20.479999542236328,20.040000915527344,20.299999237060547,20.229999542236328,12300.0,19.567983627319336
2020-10-01,20.299999237060547,19.799999237060547,20.200000762939453,19.920000076293945,14900.0,19.268129348754883
2020-10-02,20.420000076293945,19.81999969482422,19.81999969482422,20.15999984741211,14500.0,19.500276565551758
2020-10-05,21.43000030517578,20.1299991607666,20.43000030517578,21.110000610351562,16300.0,20.419189453125
2020-10-06,22.25,21.049999237060547,21.3799991607666,21.049999237060547,18000.0,20.36115074157715
2020-10-07,21.920000076293945,21.139999389648438,21.440000534057617,21.920000076293945,7200.0,21.202682495117188
2020-10-08,22.25,20.65999984741211,22.0,20.860000610351562,22500.0,20.1773681640625
2020-10-09,21.489999771118164,20.940000534057617,21.290000915527344,21.0,6300.0,20.312788009643555
2020-10-12,21.3799991607666,20.850000381469727,20.850000381469727,21.350000381469727,6200.0,20.651334762573242
2020-10-13,21.34000015258789,20.700000762939453,21.34000015258789,20.8700008392334,13600.0,20.187042236328125
2020-10-14,21.200000762939453,20.719999313354492,21.149999618530273,20.979999542236328,9600.0,20.293441772460938
2020-10-15,21.65999984741211,20.709999084472656,20.709999084472656,21.579999923706055,6800.0,20.873807907104492
2020-10-16,21.989999771118164,21.049999237060547,21.43000030517578,21.799999237060547,19700.0,21.086606979370117
2020-10-19,21.84000015258789,21.399999618530273,21.75,21.639999389648438,4100.0,20.931842803955078
2020-10-20,22.139999389648438,21.700000762939453,21.75,21.969999313354492,14900.0,21.25104331970215
2020-10-21,22.6299991607666,21.479999542236328,21.920000076293945,21.90999984741211,19700.0,21.193008422851562
2020-10-22,22.540000915527344,21.729999542236328,21.729999542236328,22.190000534057617,49500.0,21.46384620666504
2020-10-23,22.760000228881836,22.290000915527344,22.290000915527344,22.520000457763672,21500.0,21.783044815063477
2020-10-26,22.520000457763672,21.739999771118164,22.5,22.170000076293945,12700.0,21.444499969482422
2020-10-27,22.239999771118164,20.93000030517578,22.239999771118164,21.469999313354492,11800.0,20.767406463623047
2020-10-28,21.489999771118164,20.850000381469727,20.93000030517578,21.170000076293945,15900.0,20.477224349975586
2020-10-29,21.360000610351562,20.700000762939453,21.049999237060547,21.360000610351562,16600.0,20.661006927490234
2020-10-30,21.260000228881836,21.049999237060547,21.260000228881836,21.209999084472656,10200.0,20.51591682434082
2020-11-02,21.579999923706055,21.0,21.579999923706055,21.239999771118164,19900.0,20.544933319091797
2020-11-03,21.809999465942383,21.219999313354492,21.290000915527344,21.6299991607666,26200.0,20.922168731689453
2020-11-04,21.350000381469727,20.799999237060547,21.270000457763672,20.84000015258789,15200.0,20.158023834228516
2020-11-05,21.850000381469727,21.010000228881836,21.1299991607666,21.170000076293945,9600.0,20.477224349975586
2020-11-06,21.200000762939453,20.75,21.200000762939453,20.75,13100.0,20.070968627929688
2020-11-09,23.059999465942383,21.5,21.5,22.209999084472656,69100.0,21.48318862915039
2020-11-10,23.56999969482422,22.450000762939453,22.450000762939453,23.280000686645508,31000.0,22.753807067871094
2020-11-11,23.25,22.989999771118164,23.25,23.219999313354492,13000.0,22.69516372680664
2020-11-12,23.010000228881836,21.920000076293945,23.010000228881836,22.079999923706055,12600.0,21.580930709838867
2020-11-13,22.989999771118164,22.110000610351562,22.110000610351562,22.719999313354492,10200.0,22.206464767456055
2020-11-16,23.5,23.020000457763672,23.09000015258789,23.360000610351562,17200.0,22.832000732421875
2020-11-17,23.299999237060547,22.8700008392334,23.139999389648438,23.06999969482422,8500.0,22.548555374145508
2020-11-18,23.280000686645508,22.389999389648438,23.280000686645508,22.450000762939453,14200.0,21.942569732666016
2020-11-19,22.5,22.0,22.06999969482422,22.5,18200.0,21.991437911987305
2020-11-20,22.219999313354492,21.6299991607666,22.200000762939453,21.709999084472656,28700.0,21.21929168701172
2020-11-23,22.309999465942383,21.68000030517578,21.829999923706055,21.8799991607666,35400.0,21.38545036315918
2020-11-24,23.65999984741211,21.65999984741211,22.059999465942383,23.260000228881836,32000.0,22.73426055908203
2020-11-25,23.5,22.709999084472656,23.25,23.3799991607666,13400.0,22.851545333862305
2020-11-27,23.309999465942383,22.799999237060547,23.139999389648438,23.309999465942383,6200.0,22.783130645751953
2020-11-30,23.049999237060547,22.309999465942383,23.049999237060547,22.309999465942383,18000.0,21.80573272705078
2020-12-01,22.979999542236328,22.200000762939453,22.579999923706055,22.770000457763672,17900.0,22.255334854125977
2020-12-02,22.959999084472656,22.559999465942383,22.799999237060547,22.959999084472656,6900.0,22.4410400390625
2020-12-03,23.34000015258789,22.8700008392334,23.18000030517578,23.020000457763672,10600.0,22.499685287475586
2020-12-04,23.5,23.209999084472656,23.209999084472656,23.260000228881836,8900.0,22.73426055908203
2020-12-07,23.5,23.0,23.260000228881836,23.25,16800.0,22.724485397338867
2020-12-08,23.5,22.84000015258789,23.010000228881836,23.5,38200.0,22.968833923339844
2020-12-09,23.860000610351562,23.3700008392334,23.43000030517578,23.469999313354492,30800.0,22.939512252807617
2020-12-10,23.479999542236328,23.06999969482422,23.40999984741211,23.459999084472656,11400.0,22.929738998413086
2020-12-11,23.389999389648438,23.1200008392334,23.260000228881836,23.219999313354492,19000.0,22.69516372680664
2020-12-14,23.549999237060547,23.020000457763672,23.260000228881836,23.030000686645508,17800.0,22.509458541870117
2020-12-15,25.420000076293945,23.09000015258789,23.110000610351562,24.719999313354492,155300.0,24.1612606048584
2020-12-16,25.0,24.3700008392334,24.940000534057617,24.3799991607666,21700.0,23.828943252563477
2020-12-17,24.68000030517578,24.1200008392334,24.670000076293945,24.6200008392334,17200.0,24.063522338867188
2020-12-18,24.670000076293945,24.0,24.65999984741211,24.0,74800.0,23.457534790039062
2020-12-21,23.969999313354492,23.579999923706055,23.969999313354492,23.799999237060547,12200.0,23.262054443359375
2020-12-22,23.959999084472656,23.639999389648438,23.639999389648438,23.860000610351562,18200.0,23.320697784423828
2020-12-23,24.1299991607666,23.639999389648438,23.639999389648438,24.020000457763672,22200.0,23.477083206176758
2020-12-24,24.25,23.81999969482422,24.25,24.0,5500.0,23.457534790039062
2020-12-28,24.219999313354492,23.799999237060547,24.219999313354492,23.940000534057617,32600.0,23.39889144897461
2020-12-29,24.309999465942383,23.799999237060547,24.309999465942383,24.0,23400.0,23.457534790039062
2020-12-30,24.350000381469727,23.989999771118164,24.059999465942383,24.229999542236328,9900.0,23.682334899902344
2020-12-31,24.3700008392334,23.989999771118164,24.079999923706055,24.030000686645508,11300.0,23.48685646057129
2021-01-04,24.350000381469727,23.799999237060547,24.020000457763672,23.84000015258789,14200.0,23.3011531829834
2021-01-05,24.1299991607666,23.850000381469727,23.989999771118164,23.90999984741211,15300.0,23.468008041381836
2021-01-06,25.600000381469727,24.260000228881836,24.260000228881836,25.459999084472656,45900.0,24.98935317993164
2021-01-07,25.969999313354492,25.549999237060547,25.579999923706055,25.719999313354492,19600.0,25.244548797607422
2021-01-08,25.6200008392334,25.0,25.399999618530273,25.40999984741211,15400.0,24.940279006958008
2021-01-11,25.68000030517578,25.270000457763672,25.270000457763672,25.5,12800.0,25.028615951538086
2021-01-12,26.0,25.5,25.670000076293945,25.979999542236328,10500.0,25.49974250793457
2021-01-13,26.309999465942383,25.799999237060547,25.969999313354492,26.100000381469727,30200.0,25.617523193359375
2021-01-14,26.75,26.209999084472656,26.209999084472656,26.540000915527344,31500.0,26.049392700195312
2021-01-15,26.579999923706055,26.020000457763672,26.260000228881836,26.510000228881836,41800.0,26.01994514465332
2021-01-19,26.899999618530273,26.399999618530273,26.829999923706055,26.700000762939453,21100.0,26.20643424987793
2021-01-20,26.709999084472656,26.079999923706055,26.709999084472656,26.239999771118164,14800.0,25.75493621826172
2021-01-21,26.31999969482422,25.639999389648438,26.049999237060547,25.639999389648438,13800.0,25.166027069091797
2021-01-22,26.329999923706055,25.43000030517578,25.43000030517578,26.15999984741211,16900.0,25.676414489746094
2021-01-25,26.270000457763672,25.5,25.84000015258789,26.149999618530273,20400.0,25.66659927368164
2021-01-26,26.200000762939453,25.90999984741211,26.110000610351562,26.059999465942383,13600.0,25.578262329101562
2021-01-27,26.1200008392334,25.459999084472656,25.6200008392334,25.75,46800.0,25.27399444580078
2021-01-28,25.959999084472656,25.040000915527344,25.959999084472656,25.040000915527344,11700.0,24.577119827270508
2021-01-29,25.100000381469727,23.860000610351562,25.010000228881836,23.860000610351562,20800.0,23.41893196105957
2021-02-01,24.790000915527344,23.40999984741211,23.950000762939453,23.420000076293945,21300.0,22.9870662689209
2021-02-02,23.950000762939453,23.299999237060547,23.760000228881836,23.31999969482422,29400.0,22.888914108276367
2021-02-03,23.829999923706055,23.18000030517578,23.260000228881836,23.479999542236328,29600.0,23.045955657958984
2021-02-04,24.59000015258789,23.81999969482422,23.81999969482422,24.59000015258789,13300.0,24.13543701171875
2021-02-05,25.020000457763672,24.450000762939453,24.5,24.770000457763672,18600.0,24.312110900878906
2021-02-08,25.56999969482422,24.81999969482422,25.31999969482422,25.56999969482422,16200.0,25.097320556640625
2021-02-09,25.65999984741211,23.969999313354492,25.5,24.25,143700.0,23.80172348022461
2021-02-10,24.700000762939453,24.329999923706055,24.360000610351562,24.5,31800.0,24.277360916137695
2021-02-11,25.040000915527344,24.5,24.5,24.719999313354492,21900.0,24.495361328125
2021-02-12,24.65999984741211,24.34000015258789,24.600000381469727,24.65999984741211,16600.0,24.4359073638916
2021-02-16,24.950000762939453,24.549999237060547,24.690000534057617,24.81999969482422,23000.0,24.594451904296875
2021-02-17,24.950000762939453,24.299999237060547,24.719999313354492,24.479999542236328,17600.0,24.25754165649414
2021-02-18,24.3799991607666,24.049999237060547,24.049999237060547,24.059999465942383,34300.0,23.841358184814453
2021-02-19,24.549999237060547,24.030000686645508,24.030000686645508,24.450000762939453,15500.0,24.227815628051758
2021-02-22,25.040000915527344,24.299999237060547,24.450000762939453,24.899999618530273,49200.0,24.673725128173828
2021-02-23,25.93000030517578,24.829999923706055,24.829999923706055,25.540000915527344,15400.0,25.307910919189453
2021-02-24,26.3700008392334,25.68000030517578,25.739999771118164,25.950000762939453,24000.0,25.714183807373047
2021-02-25,26.149999618530273,24.770000457763672,26.149999618530273,24.780000686645508,21300.0,24.55481719970703
2021-02-26,25.729999542236328,24.579999923706055,24.920000076293945,24.579999923706055,31100.0,24.35663414001465
2021-03-01,25.889999389648438,25.049999237060547,25.260000228881836,25.889999389648438,31600.0,25.654727935791016
2021-03-02,25.780000686645508,25.31999969482422,25.780000686645508,25.59000015258789,14400.0,25.35745620727539
2021-03-03,26.5,25.90999984741211,25.90999984741211,26.059999465942383,26200.0,25.823183059692383
2021-03-04,26.649999618530273,25.65999984741211,26.360000610351562,25.709999084472656,42000.0,25.476364135742188
2021-03-05,26.450000762939453,26.1200008392334,26.25,26.350000381469727,42500.0,26.110549926757812
2021-03-08,27.489999771118164,26.290000915527344,26.290000915527344,27.18000030517578,36700.0,26.933006286621094
2021-03-09,27.940000534057617,26.489999771118164,27.200000762939453,27.559999465942383,26800.0,27.309553146362305
2021-03-10,28.459999084472656,27.579999923706055,27.6299991607666,28.280000686645508,34500.0,28.02301025390625
2021-03-11,28.489999771118164,28.0,28.489999771118164,28.34000015258789,25300.0,28.08246612548828
2021-03-12,28.649999618530273,27.959999084472656,28.479999542236328,28.5,46700.0,28.241010665893555
2021-03-15,30.040000915527344,27.809999465942383,28.0,29.84000015258789,85700.0,29.56883430480957
2021-03-16,29.75,28.450000762939453,29.75,28.59000015258789,73100.0,28.3301944732666
2021-03-17,28.989999771118164,28.329999923706055,28.989999771118164,28.450000762939453,47500.0,28.19146728515625
2021-03-18,29.260000228881836,28.1200008392334,28.709999084472656,28.360000610351562,20100.0,28.102283477783203
2021-03-19,29.75,27.469999313354492,28.40999984741211,29.559999465942383,137700.0,29.291378021240234
2021-03-22,29.149999618530273,27.030000686645508,29.149999618530273,27.030000686645508,40600.0,26.78437042236328
2021-03-23,27.920000076293945,26.079999923706055,26.959999084472656,26.149999618530273,36000.0,25.91236686706543
2021-03-24,26.959999084472656,26.149999618530273,26.25,26.149999618530273,28900.0,25.91236686706543
2021-03-25,27.0,25.90999984741211,26.049999237060547,26.860000610351562,26200.0,26.615915298461914
2021-03-26,28.850000381469727,26.68000030517578,27.020000457763672,27.260000228881836,18200.0,27.012279510498047
2021-03-29,27.40999984741211,26.559999465942383,27.389999389648438,26.690000534057617,20700.0,26.447460174560547
2021-03-30,27.31999969482422,26.559999465942383,26.600000381469727,27.030000686645508,23500.0,26.78437042236328
2021-03-31,26.8700008392334,26.459999084472656,26.700000762939453,26.459999084472656,33400.0,26.21954917907715
2021-04-01,26.93000030517578,26.200000762939453,26.3700008392334,26.899999618530273,12900.0,26.655550003051758
2021-04-05,27.190000534057617,26.690000534057617,27.190000534057617,26.770000457763672,12300.0,26.5267333984375
2021-04-06,27.079999923706055,26.84000015258789,26.84000015258789,26.90999984741211,10800.0,26.66546058654785
2021-04-07,26.90999984741211,26.649999618530273,26.850000381469727,26.729999542236328,20200.0,26.48709487915039
2021-04-08,27.06999969482422,26.420000076293945,27.06999969482422,26.649999618530273,10900.0,26.407821655273438
2021-04-09,26.950000762939453,26.540000915527344,26.549999237060547,26.639999389648438,6000.0,26.397912979125977
2021-04-12,26.770000457763672,26.399999618530273,26.670000076293945,26.59000015258789,10300.0,26.34836769104004
2021-04-13,26.75,26.059999465942383,26.6200008392334,26.459999084472656,20000.0,26.21954917907715
2021-04-14,26.8700008392334,26.31999969482422,26.31999969482422,26.549999237060547,13100.0,26.308731079101562
2021-04-15,26.5,26.15999984741211,26.260000228881836,26.479999542236328,25200.0,26.23936653137207
2021-04-16,26.729999542236328,26.299999237060547,26.729999542236328,26.3700008392334,12600.0,26.130367279052734
2021-04-19,26.520000457763672,26.049999237060547,26.43000030517578,26.200000762939453,8800.0,25.961912155151367
2021-04-20,26.229999542236328,25.549999237060547,26.229999542236328,25.649999618530273,18500.0,25.41691017150879
2021-04-21,26.030000686645508,25.760000228881836,25.790000915527344,25.760000228881836,18800.0,25.525911331176758
2021-04-22,25.969999313354492,25.440000534057617,25.969999313354492,25.540000915527344,17500.0,25.307910919189453
2021-04-23,26.139999389648438,25.780000686645508,25.780000686645508,26.0,17000.0,25.763729095458984
2021-04-26,26.270000457763672,26.0,26.25,26.0,14700.0,25.763729095458984
2021-04-27,26.09000015258789,25.690000534057617,26.030000686645508,25.889999389648438,29900.0,25.654727935791016
2021-04-28,26.079999923706055,25.350000381469727,26.079999923706055,25.3799991607666,12900.0,25.149362564086914
2021-04-29,25.84000015258789,25.15999984741211,25.84000015258789,25.170000076293945,34600.0,24.941272735595703
2021-04-30,25.3799991607666,24.860000610351562,25.360000610351562,25.149999618530273,58200.0,24.92145347595215
2021-05-03,25.709999084472656,25.200000762939453,25.399999618530273,25.600000381469727,70900.0,25.36736488342285
2021-05-04,25.780000686645508,25.399999618530273,25.489999771118164,25.489999771118164,16500.0,25.258363723754883
2021-05-05,25.610000610351562,25.229999542236328,25.610000610351562,25.299999237060547,18300.0,25.07008934020996
2021-05-06,25.469999313354492,25.170000076293945,25.399999618530273,25.360000610351562,31400.0,25.129545211791992
2021-05-07,25.969999313354492,25.260000228881836,25.260000228881836,25.959999084472656,26600.0,25.724092483520508
2021-05-10,26.639999389648438,25.700000762939453,25.959999084472656,25.700000762939453,33900.0,25.46645736694336
2021-05-11,25.850000381469727,25.190000534057617,25.309999465942383,25.309999465942383,36100.0,25.079999923706055
2021-05-12,25.34000015258789,25.110000610351562,25.110000610351562,25.1299991607666,38700.0,25.1299991607666
2021-05-13,25.889999389648438,25.170000076293945,25.170000076293945,25.780000686645508,32700.0,25.780000686645508
2021-05-14,26.030000686645508,25.760000228881836,25.770000457763672,25.8700008392334,18200.0,25.8700008392334
2021-05-17,25.989999771118164,25.65999984741211,25.690000534057617,25.84000015258789,13900.0,25.84000015258789
2021-05-18,25.8700008392334,25.34000015258789,25.700000762939453,25.34000015258789,23000.0,25.34000015258789
2021-05-19,25.559999465942383,24.959999084472656,25.18000030517578,25.469999313354492,37400.0,25.469999313354492
2021-05-20,25.989999771118164,25.350000381469727,25.399999618530273,25.899999618530273,34100.0,25.899999618530273
2021-05-21,26.049999237060547,25.600000381469727,26.049999237060547,25.850000381469727,27900.0,25.850000381469727
2021-05-24,25.940000534057617,25.6200008392334,25.940000534057617,25.649999618530273,20700.0,25.649999618530273
2021-05-25,25.6299991607666,25.209999084472656,25.600000381469727,25.209999084472656,42800.0,25.209999084472656
2021-05-26,25.729999542236328,25.25,25.600000381469727,25.639999389648438,29500.0,25.639999389648438
2021-05-27,26.170000076293945,25.549999237060547,25.719999313354492,26.1200008392334,20100.0,26.1200008392334
2021-05-28,26.309999465942383,25.8799991607666,25.90999984741211,26.1200008392334,20300.0,26.1200008392334
2021-06-01,26.549999237060547,25.93000030517578,26.09000015258789,26.420000076293945,53300.0,26.420000076293945
2021-06-02,26.329999923706055,25.84000015258789,26.290000915527344,25.950000762939453,26400.0,25.950000762939453
2021-06-03,25.899999618530273,25.719999313354492,25.899999618530273,25.829999923706055,20300.0,25.829999923706055
2021-06-04,25.770000457763672,25.65999984741211,25.68000030517578,25.65999984741211,15700.0,25.65999984741211
2021-06-07,25.790000915527344,25.270000457763672,25.670000076293945,25.350000381469727,81400.0,25.350000381469727
2021-06-08,25.829999923706055,25.15999984741211,25.389999389648438,25.65999984741211,41500.0,25.65999984741211
2021-06-09,25.950000762939453,25.479999542236328,25.489999771118164,25.889999389648438,38300.0,25.889999389648438
2021-06-10,26.030000686645508,25.559999465942383,26.030000686645508,25.75,36900.0,25.75
2021-06-11,26.18000030517578,25.899999618530273,26.010000228881836,26.010000228881836,25500.0,26.010000228881836
2021-06-14,26.200000762939453,25.489999771118164,26.0,25.739999771118164,36300.0,25.739999771118164
2021-06-15,25.889999389648438,25.450000762939453,25.860000610351562,25.540000915527344,43300.0,25.540000915527344
2021-06-16,25.65999984741211,25.31999969482422,25.329999923706055,25.440000534057617,29000.0,25.440000534057617
2021-06-17,25.469999313354492,25.0,25.469999313354492,25.0,54500.0,25.0
2021-06-18,25.739999771118164,24.690000534057617,25.0,24.690000534057617,98800.0,24.690000534057617
2021-06-21,25.34000015258789,24.850000381469727,24.899999618530273,24.93000030517578,54400.0,24.93000030517578
2021-06-22,25.020000457763672,24.75,24.93000030517578,24.850000381469727,57400.0,24.850000381469727
2021-06-23,25.010000228881836,24.649999618530273,24.850000381469727,24.670000076293945,85300.0,24.670000076293945
2021-06-24,25.34000015258789,24.719999313354492,25.34000015258789,24.8700008392334,77200.0,24.8700008392334
2021-06-25,25.510000228881836,24.780000686645508,24.899999618530273,25.3700008392334,1208300.0,25.3700008392334
2021-06-28,25.979999542236328,25.290000915527344,25.40999984741211,25.8700008392334,70600.0,25.8700008392334
2021-06-29,26.149999618530273,25.700000762939453,25.979999542236328,25.709999084472656,55400.0,25.709999084472656
2021-06-30,26.489999771118164,25.579999923706055,25.579999923706055,25.969999313354492,42100.0,25.969999313354492
2021-07-01,25.989999771118164,25.610000610351562,25.8799991607666,25.670000076293945,132700.0,25.670000076293945
2021-07-02,25.56999969482422,25.309999465942383,25.56999969482422,25.309999465942383,24000.0,25.309999465942383
2021-07-06,25.25,24.809999465942383,25.25,24.8700008392334,42200.0,24.8700008392334
2021-07-07,25.18000030517578,24.760000228881836,24.760000228881836,25.0,61700.0,25.0
2021-07-08,25.3700008392334,24.690000534057617,24.809999465942383,24.850000381469727,47900.0,24.850000381469727
2021-07-09,25.200000762939453,24.8700008392334,25.049999237060547,25.170000076293945,14900.0,25.170000076293945
2021-07-12,25.290000915527344,24.8799991607666,24.920000076293945,25.18000030517578,13100.0,25.18000030517578
2021-07-13,25.190000534057617,24.81999969482422,25.1299991607666,24.90999984741211,16900.0,24.90999984741211
2021-07-14,25.309999465942383,24.950000762939453,24.959999084472656,25.239999771118164,25500.0,25.239999771118164
2021-07-15,25.329999923706055,25.010000228881836,25.049999237060547,25.200000762939453,41100.0,25.200000762939453
2021-07-16,25.329999923706055,24.799999237060547,25.329999923706055,24.989999771118164,39100.0,24.989999771118164
2021-07-19,24.780000686645508,24.5,24.760000228881836,24.649999618530273,35400.0,24.649999618530273
2021-07-20,25.790000915527344,24.790000915527344,24.790000915527344,24.940000534057617,36800.0,24.940000534057617
2021-07-21,25.459999084472656,25.1200008392334,25.1200008392334,25.260000228881836,18100.0,25.260000228881836
2021-07-22,25.440000534057617,25.049999237060547,25.25,25.25,33500.0,25.25
2021-07-23,25.809999465942383,25.25,25.3700008392334,25.3700008392334,9800.0,25.3700008392334
2021-07-26,25.5,25.309999465942383,25.440000534057617,25.3700008392334,10400.0,25.3700008392334
2021-07-27,25.350000381469727,25.059999465942383,25.350000381469727,25.309999465942383,40800.0,25.309999465942383
2021-07-28,25.440000534057617,25.25,25.299999237060547,25.299999237060547,12700.0,25.299999237060547
2021-07-29,25.899999618530273,25.309999465942383,25.3700008392334,25.760000228881836,38100.0,25.760000228881836
2021-07-30,25.75,25.309999465942383,25.579999923706055,25.540000915527344,27200.0,25.540000915527344
2021-08-02,25.889999389648438,25.5,25.5,25.709999084472656,91200.0,25.709999084472656
2021-08-03,25.68000030517578,25.520000457763672,25.68000030517578,25.549999237060547,17000.0,25.549999237060547
2021-08-04,25.600000381469727,25.31999969482422,25.520000457763672,25.31999969482422,21900.0,25.31999969482422
2021-08-05,25.670000076293945,25.360000610351562,25.360000610351562,25.670000076293945,10400.0,25.670000076293945
2021-08-06,26.059999465942383,25.760000228881836,25.760000228881836,25.8799991607666,11900.0,25.8799991607666
2021-08-09,25.829999923706055,25.530000686645508,25.790000915527344,25.56999969482422,32900.0,25.56999969482422
2021-08-10,26.15999984741211,25.75,25.75,26.110000610351562,21200.0,26.110000610351562
2021-08-11,26.06999969482422,25.610000610351562,26.010000228881836,25.84000015258789,19000.0,25.84000015258789
2021-08-12,25.799999237060547,25.520000457763672,25.799999237060547,25.59000015258789,10300.0,25.59000015258789
2021-08-13,25.610000610351562,25.3700008392334,25.520000457763672,25.540000915527344,21200.0,25.540000915527344
2021-08-16,25.739999771118164,25.440000534057617,25.670000076293945,25.549999237060547,13100.0,25.549999237060547
2021-08-17,25.610000610351562,25.25,25.360000610351562,25.610000610351562,18900.0,25.610000610351562
2021-08-18,25.56999969482422,25.280000686645508,25.489999771118164,25.309999465942383,16600.0,25.309999465942383
2021-08-19,25.479999542236328,25.110000610351562,25.25,25.25,28300.0,25.25
2021-08-20,25.6299991607666,25.25,25.25,25.6299991607666,4300.0,25.6299991607666
2021-08-23,25.649999618530273,25.25,25.649999618530273,25.260000228881836,14600.0,25.260000228881836
2021-08-24,25.450000762939453,25.209999084472656,25.329999923706055,25.280000686645508,26900.0,25.280000686645508
2021-08-25,25.5,25.270000457763672,25.389999389648438,25.34000015258789,10800.0,25.34000015258789
2021-08-26,25.420000076293945,25.200000762939453,25.350000381469727,25.31999969482422,24900.0,25.31999969482422
2021-08-27,25.540000915527344,25.329999923706055,25.540000915527344,25.389999389648438,13500.0,25.389999389648438
2021-08-30,25.3799991607666,25.25,25.270000457763672,25.31999969482422,9200.0,25.31999969482422
2021-08-31,25.520000457763672,25.270000457763672,25.469999313354492,25.290000915527344,8100.0,25.290000915527344
2021-09-01,25.43000030517578,25.25,25.309999465942383,25.360000610351562,17000.0,25.360000610351562
2021-09-02,25.549999237060547,25.25,25.549999237060547,25.290000915527344,8600.0,25.290000915527344
2021-09-03,25.399999618530273,25.200000762939453,25.25,25.309999465942383,14900.0,25.309999465942383
2021-09-07,25.489999771118164,25.25,25.489999771118164,25.309999465942383,18600.0,25.309999465942383
2021-09-08,25.309999465942383,25.209999084472656,25.260000228881836,25.309999465942383,17900.0,25.309999465942383
2021-09-09,25.299999237060547,25.200000762939453,25.25,25.290000915527344,16800.0,25.290000915527344
2021-09-10,25.280000686645508,25.219999313354492,25.260000228881836,25.270000457763672,14400.0,25.270000457763672
2021-09-13,25.350000381469727,25.25,25.260000228881836,25.329999923706055,19400.0,25.329999923706055
2021-09-14,25.360000610351562,25.200000762939453,25.350000381469727,25.329999923706055,20300.0,25.329999923706055
2021-09-15,25.309999465942383,25.25,25.309999465942383,25.270000457763672,9200.0,25.270000457763672
2021-09-16,25.170000076293945,24.889999389648438,25.15999984741211,25.110000610351562,8200.0,25.110000610351562
2021-09-17,25.190000534057617,24.850000381469727,25.0,25.1299991607666,18800.0,25.1299991607666
2021-09-20,25.020000457763672,24.610000610351562,25.020000457763672,24.8799991607666,19500.0,24.8799991607666
2021-09-21,24.979999542236328,24.610000610351562,24.899999618530273,24.760000228881836,13800.0,24.760000228881836
2021-09-22,24.989999771118164,24.780000686645508,24.850000381469727,24.889999389648438,14300.0,24.889999389648438
2021-09-23,25.170000076293945,24.860000610351562,24.920000076293945,24.940000534057617,49200.0,24.940000534057617
2021-09-24,25.31999969482422,24.850000381469727,24.850000381469727,25.280000686645508,4900.0,25.280000686645508
2021-09-27,25.729999542236328,25.200000762939453,25.200000762939453,25.530000686645508,11500.0,25.530000686645508
2021-09-28,25.639999389648438,25.350000381469727,25.5,25.549999237060547,11400.0,25.549999237060547
2021-09-29,25.979999542236328,25.520000457763672,25.520000457763672,25.700000762939453,20500.0,25.700000762939453
2021-09-30,25.639999389648438,25.350000381469727,25.549999237060547,25.3799991607666,6000.0,25.3799991607666
2021-10-01,25.309999465942383,24.979999542236328,25.170000076293945,25.219999313354492,13500.0,25.219999313354492
2021-10-04,25.420000076293945,25.18000030517578,25.190000534057617,25.290000915527344,4000.0,25.290000915527344
2021-10-05,25.299999237060547,25.0,25.290000915527344,25.040000915527344,12800.0,25.040000915527344
2021-10-06,25.229999542236328,24.959999084472656,25.010000228881836,25.229999542236328,37100.0,25.229999542236328
2021-10-07,25.399999618530273,25.270000457763672,25.399999618530273,25.360000610351562,8900.0,25.360000610351562
2021-10-08,25.239999771118164,24.950000762939453,25.239999771118164,25.1299991607666,9900.0,25.1299991607666
2021-10-11,24.950000762939453,24.770000457763672,24.950000762939453,24.90999984741211,11500.0,24.90999984741211
2021-10-12,25.1200008392334,24.860000610351562,24.899999618530273,25.079999923706055,10900.0,25.079999923706055
2021-10-13,25.299999237060547,24.93000030517578,24.93000030517578,25.280000686645508,14500.0,25.280000686645508
2021-10-14,25.479999542236328,25.260000228881836,25.280000686645508,25.3799991607666,5000.0,25.3799991607666
2021-10-15,25.3799991607666,24.8700008392334,25.3700008392334,24.899999618530273,40200.0,24.899999618530273
2021-10-18,25.110000610351562,24.8799991607666,24.989999771118164,24.889999389648438,6700.0,24.889999389648438
2021-10-19,25.010000228881836,24.809999465942383,24.899999618530273,24.93000030517578,9700.0,24.93000030517578
2021-10-20,25.1200008392334,24.860000610351562,25.1200008392334,24.93000030517578,9300.0,24.93000030517578
2021-10-21,25.100000381469727,24.860000610351562,24.860000610351562,25.040000915527344,8300.0,25.040000915527344
2021-10-22,25.1299991607666,24.920000076293945,25.040000915527344,25.100000381469727,13400.0,25.100000381469727
2021-10-25,25.170000076293945,24.90999984741211,25.170000076293945,25.06999969482422,8800.0,25.06999969482422
2021-10-26,25.09000015258789,24.90999984741211,25.040000915527344,24.93000030517578,10200.0,24.93000030517578
2021-10-27,25.0,24.850000381469727,24.940000534057617,24.950000762939453,29800.0,24.950000762939453
2021-10-28,25.200000762939453,24.920000076293945,25.100000381469727,25.200000762939453,7500.0,25.200000762939453
2021-10-29,25.239999771118164,25.059999465942383,25.239999771118164,25.09000015258789,24800.0,25.09000015258789
2021-11-01,26.049999237060547,25.18000030517578,25.190000534057617,25.709999084472656,40700.0,25.709999084472656
2021-11-02,26.260000228881836,25.770000457763672,25.829999923706055,26.229999542236328,31700.0,26.229999542236328
2021-11-03,26.399999618530273,25.989999771118164,26.280000686645508,26.329999923706055,27000.0,26.329999923706055
2021-11-04,26.399999618530273,26.020000457763672,26.25,26.18000030517578,4100.0,26.18000030517578
2021-11-05,26.5,26.100000381469727,26.139999389648438,26.229999542236328,13900.0,26.229999542236328
2021-11-08,26.530000686645508,26.190000534057617,26.290000915527344,26.40999984741211,10800.0,26.40999984741211
2021-11-09,26.34000015258789,26.110000610351562,26.270000457763672,26.270000457763672,6400.0,26.270000457763672
2021-11-10,26.59000015258789,26.100000381469727,26.389999389648438,26.389999389648438,11000.0,26.389999389648438
2021-11-11,26.40999984741211,26.110000610351562,26.110000610351562,26.40999984741211,2900.0,26.40999984741211
2021-11-12,26.40999984741211,26.010000228881836,26.1299991607666,26.229999542236328,5600.0,26.229999542236328
2021-11-15,26.170000076293945,25.90999984741211,26.110000610351562,26.139999389648438,9400.0,26.139999389648438
2021-11-16,26.40999984741211,26.110000610351562,26.110000610351562,26.329999923706055,8300.0,26.329999923706055
2021-11-17,26.43000030517578,26.149999618530273,26.43000030517578,26.309999465942383,19800.0,26.309999465942383
2021-11-18,26.469999313354492,26.219999313354492,26.229999542236328,26.469999313354492,12600.0,26.469999313354492
2021-11-19,26.40999984741211,26.229999542236328,26.309999465942383,26.360000610351562,3500.0,26.360000610351562
2021-11-22,26.809999465942383,26.15999984741211,26.260000228881836,26.280000686645508,25000.0,26.280000686645508
2021-11-23,26.389999389648438,26.09000015258789,26.299999237060547,26.229999542236328,5800.0,26.229999542236328
2021-11-24,26.350000381469727,26.100000381469727,26.329999923706055,26.280000686645508,4700.0,26.280000686645508
2021-11-26,26.3799991607666,26.06999969482422,26.06999969482422,26.110000610351562,3100.0,26.110000610351562
2021-11-29,26.049999237060547,25.760000228881836,26.049999237060547,25.809999465942383,4600.0,25.809999465942383
2021-11-30,25.959999084472656,24.670000076293945,25.799999237060547,25.18000030517578,11400.0,25.18000030517578
2021-12-01,26.030000686645508,25.329999923706055,26.030000686645508,25.639999389648438,22800.0,25.639999389648438
2021-12-02,26.489999771118164,25.579999923706055,25.579999923706055,26.34000015258789,50200.0,26.34000015258789
2021-12-03,26.260000228881836,25.719999313354492,26.260000228881836,25.719999313354492,17600.0,25.719999313354492
2021-12-06,26.0,25.559999465942383,25.559999465942383,25.600000381469727,7700.0,25.600000381469727
2021-12-07,25.889999389648438,25.399999618530273,25.540000915527344,25.639999389648438,9900.0,25.639999389648438
2021-12-08,25.709999084472656,25.5,25.559999465942383,25.709999084472656,6500.0,25.709999084472656
2021-12-09,25.899999618530273,25.1299991607666,25.700000762939453,25.1299991607666,11400.0,25.1299991607666
2021-12-10,25.40999984741211,24.81999969482422,25.40999984741211,25.239999771118164,11100.0,25.239999771118164
2021-12-13,25.5,24.56999969482422,25.25,24.899999618530273,34300.0,24.899999618530273
2021-12-14,25.0,24.219999313354492,24.219999313354492,24.84000015258789,65000.0,24.84000015258789
2021-12-15,25.149999618530273,24.760000228881836,25.149999618530273,24.760000228881836,7900.0,24.760000228881836
2021-12-16,25.110000610351562,24.700000762939453,24.940000534057617,24.84000015258789,16400.0,24.84000015258789
2021-12-17,24.969999313354492,24.56999969482422,24.770000457763672,24.56999969482422,22900.0,24.56999969482422
2021-12-20,24.75,24.350000381469727,24.56999969482422,24.5,18600.0,24.5
2021-12-21,25.040000915527344,24.450000762939453,24.489999771118164,24.549999237060547,20900.0,24.549999237060547
2021-12-22,24.84000015258789,24.350000381469727,24.3799991607666,24.690000534057617,5200.0,24.690000534057617
2021-12-23,24.829999923706055,24.549999237060547,24.649999618530273,24.600000381469727,17600.0,24.600000381469727
2021-12-27,25.1299991607666,24.600000381469727,24.600000381469727,24.93000030517578,18400.0,24.93000030517578
2021-12-28,25.239999771118164,24.729999542236328,24.829999923706055,25.139999389648438,21800.0,25.139999389648438
2021-12-29,25.239999771118164,25.079999923706055,25.079999923706055,25.200000762939453,3200.0,25.200000762939453
2021-12-30,25.399999618530273,25.100000381469727,25.190000534057617,25.200000762939453,4200.0,25.200000762939453
2021-12-31,25.329999923706055,25.049999237060547,25.100000381469727,25.25,4000.0,25.25
2022-01-03,25.149999618530273,25.049999237060547,25.149999618530273,25.139999389648438,5700.0,25.139999389648438
2022-01-04,25.559999465942383,25.18000030517578,25.299999237060547,25.200000762939453,12700.0,25.200000762939453
2022-01-05,25.34000015258789,25.149999618530273,25.239999771118164,25.25,4300.0,25.25
2022-01-06,25.889999389648438,25.139999389648438,25.889999389648438,25.81999969482422,4600.0,25.81999969482422
2022-01-07,25.81999969482422,25.209999084472656,25.610000610351562,25.450000762939453,15900.0,25.450000762939453
2022-01-10,25.84000015258789,25.110000610351562,25.450000762939453,25.489999771118164,7700.0,25.489999771118164
2022-01-11,25.459999084472656,25.149999618530273,25.459999084472656,25.299999237060547,5300.0,25.299999237060547
2022-01-12,25.979999542236328,25.139999389648438,25.979999542236328,25.15999984741211,21200.0,25.15999984741211
2022-01-13,25.399999618530273,25.06999969482422,25.200000762939453,25.25,12000.0,25.25
2022-01-14,25.190000534057617,25.059999465942383,25.18000030517578,25.1200008392334,7200.0,25.1200008392334
2022-01-18,25.200000762939453,24.920000076293945,25.0,25.06999969482422,9200.0,25.06999969482422
2022-01-19,25.139999389648438,24.90999984741211,25.09000015258789,25.1299991607666,10600.0,25.1299991607666
2022-01-20,24.940000534057617,24.56999969482422,24.90999984741211,24.719999313354492,9200.0,24.719999313354492
2022-01-21,24.950000762939453,24.139999389648438,24.65999984741211,24.420000076293945,21700.0,24.420000076293945
2022-01-24,24.850000381469727,24.260000228881836,24.5,24.850000381469727,7400.0,24.850000381469727
2022-01-25,25.059999465942383,24.43000030517578,24.6200008392334,24.760000228881836,10600.0,24.760000228881836
2022-01-26,25.100000381469727,24.600000381469727,25.100000381469727,24.760000228881836,15600.0,24.760000228881836
2022-01-27,24.899999618530273,24.530000686645508,24.770000457763672,24.6200008392334,12000.0,24.6200008392334
2022-01-28,24.8700008392334,24.3799991607666,24.610000610351562,24.600000381469727,15500.0,24.600000381469727
2022-01-31,24.850000381469727,24.600000381469727,24.739999771118164,24.739999771118164,27600.0,24.739999771118164
2022-02-01,25.100000381469727,24.6200008392334,24.690000534057617,24.959999084472656,16800.0,24.959999084472656
2022-02-02,24.950000762939453,24.6299991607666,24.729999542236328,24.899999618530273,7500.0,24.899999618530273
2022-02-03,25.0,24.75,24.850000381469727,24.889999389648438,13600.0,24.889999389648438
2022-02-04,25.18000030517578,24.809999465942383,24.809999465942383,25.15999984741211,9100.0,25.15999984741211
2022-02-07,25.5,24.969999313354492,25.25,25.219999313354492,22600.0,25.219999313354492
2022-02-08,25.5,24.780000686645508,24.780000686645508,25.299999237060547,9000.0,25.299999237060547
2022-02-09,25.399999618530273,24.489999771118164,24.489999771118164,25.3799991607666,5500.0,25.3799991607666
2022-02-10,25.329999923706055,25.040000915527344,25.059999465942383,25.229999542236328,1700.0,25.229999542236328
2022-02-11,25.219999313354492,25.020000457763672,25.219999313354492,25.020000457763672,1400.0,25.020000457763672
2022-02-14,25.049999237060547,24.81999969482422,24.81999969482422,25.049999237060547,4500.0,25.049999237060547
2022-02-15,25.399999618530273,25.0,25.200000762939453,25.049999237060547,19800.0,25.049999237060547
2022-02-16,25.389999389648438,24.860000610351562,25.389999389648438,25.1299991607666,2600.0,25.1299991607666
2022-02-17,25.09000015258789,24.950000762939453,25.0,24.950000762939453,10500.0,24.950000762939453
2022-02-18,25.200000762939453,25.0,25.200000762939453,25.030000686645508,7500.0,25.030000686645508
2022-02-22,25.440000534057617,24.950000762939453,25.440000534057617,25.059999465942383,8800.0,25.059999465942383
2022-02-23,25.450000762939453,24.90999984741211,25.190000534057617,25.1299991607666,9000.0,25.1299991607666
2022-02-24,25.299999237060547,24.760000228881836,24.979999542236328,25.190000534057617,18900.0,25.190000534057617
2022-02-25,25.290000915527344,25.0,25.059999465942383,25.059999465942383,9200.0,25.059999465942383
2022-02-28,25.600000381469727,24.8700008392334,24.950000762939453,25.079999923706055,17300.0,25.079999923706055
2022-03-01,25.06999969482422,24.670000076293945,25.06999969482422,24.780000686645508,35200.0,24.780000686645508
2022-03-02,25.239999771118164,24.889999389648438,24.889999389648438,25.059999465942383,4300.0,25.059999465942383
2022-03-03,25.34000015258789,25.0,25.34000015258789,25.25,10700.0,25.25
2022-03-04,25.170000076293945,24.899999618530273,25.100000381469727,25.0,17400.0,25.0
2022-03-07,25.1299991607666,24.760000228881836,24.899999618530273,24.81999969482422,8700.0,24.81999969482422
2022-03-08,25.030000686645508,24.780000686645508,24.950000762939453,24.81999969482422,46500.0,24.81999969482422
2022-03-09,25.059999465942383,24.780000686645508,24.850000381469727,24.780000686645508,11500.0,24.780000686645508
2022-03-10,24.969999313354492,24.770000457763672,24.770000457763672,24.8799991607666,5900.0,24.8799991607666
2022-03-11,25.040000915527344,24.850000381469727,24.8799991607666,24.889999389648438,14600.0,24.889999389648438
2022-03-14,25.049999237060547,24.770000457763672,24.899999618530273,24.899999618530273,7100.0,24.899999618530273
2022-03-15,25.0,24.770000457763672,24.770000457763672,24.93000030517578,4500.0,24.93000030517578
2022-03-16,25.030000686645508,24.770000457763672,24.959999084472656,24.799999237060547,8500.0,24.799999237060547
2022-03-17,24.969999313354492,24.780000686645508,24.850000381469727,24.8700008392334,5900.0,24.8700008392334
2022-03-18,24.799999237060547,24.559999465942383,24.760000228881836,24.559999465942383,17100.0,24.559999465942383
2022-03-21,24.790000915527344,24.559999465942383,24.700000762939453,24.690000534057617,25400.0,24.690000534057617
2022-03-22,24.920000076293945,24.610000610351562,24.610000610351562,24.75,10100.0,24.75
2022-03-23,24.700000762939453,24.559999465942383,24.700000762939453,24.559999465942383,9200.0,24.559999465942383
2022-03-24,24.670000076293945,24.469999313354492,24.600000381469727,24.540000915527344,4500.0,24.540000915527344
2022-03-25,24.739999771118164,24.459999084472656,24.540000915527344,24.510000228881836,12000.0,24.510000228881836
2022-03-28,24.43000030517578,23.670000076293945,24.34000015258789,23.93000030517578,40600.0,23.93000030517578
2022-03-29,24.440000534057617,23.959999084472656,24.0,24.329999923706055,41700.0,24.329999923706055
2022-03-30,24.299999237060547,23.8700008392334,24.299999237060547,24.100000381469727,21800.0,24.100000381469727
2022-03-31,24.3799991607666,23.93000030517578,24.100000381469727,24.0,58300.0,24.0
2022-04-01,24.219999313354492,23.950000762939453,24.0,24.0,21500.0,24.0
2022-04-04,24.0,23.770000457763672,24.0,23.770000457763672,12700.0,23.770000457763672
2022-04-05,23.950000762939453,23.75,23.760000228881836,23.780000686645508,23200.0,23.780000686645508
2022-04-06,23.920000076293945,23.56999969482422,23.889999389648438,23.649999618530273,35500.0,23.649999618530273
2022-04-07,23.65999984741211,23.25,23.520000457763672,23.299999237060547,22800.0,23.299999237060547
2022-04-08,23.270000457763672,23.1200008392334,23.200000762939453,23.1200008392334,8500.0,23.1200008392334
2022-04-11,23.329999923706055,23.200000762939453,23.25,23.329999923706055,9800.0,23.329999923706055
2022-04-12,23.729999542236328,23.389999389648438,23.389999389648438,23.40999984741211,14800.0,23.40999984741211
2022-04-13,23.809999465942383,23.540000915527344,23.540000915527344,23.719999313354492,9700.0,23.719999313354492
2022-04-14,23.6200008392334,23.1200008392334,23.6200008392334,23.3799991607666,15800.0,23.3799991607666
2022-04-18,23.639999389648438,23.450000762939453,23.479999542236328,23.520000457763672,4700.0,23.520000457763672
2022-04-19,23.6200008392334,23.559999465942383,23.559999465942383,23.6200008392334,800.0,23.6200008392334
2022-04-20,23.93000030517578,23.68000030517578,23.739999771118164,23.8799991607666,15900.0,23.8799991607666
2022-04-21,23.950000762939453,23.6200008392334,23.670000076293945,23.84000015258789,7200.0,23.84000015258789
2022-04-22,23.809999465942383,23.489999771118164,23.809999465942383,23.739999771118164,4500.0,23.739999771118164
2022-04-25,23.81999969482422,23.329999923706055,23.81999969482422,23.40999984741211,6400.0,23.40999984741211
2022-04-26,23.520000457763672,23.0,23.520000457763672,23.139999389648438,11200.0,23.139999389648438
2022-04-27,23.18000030517578,23.0,23.0,23.110000610351562,2600.0,23.110000610351562
2022-04-28,23.229999542236328,22.75,23.049999237060547,23.229999542236328,7400.0,23.229999542236328
2022-04-29,23.040000915527344,22.520000457763672,22.81999969482422,22.709999084472656,17900.0,22.709999084472656
2022-05-02,23.0,22.520000457763672,22.520000457763672,22.690000534057617,50900.0,22.690000534057617
2022-05-03,22.799999237060547,22.329999923706055,22.690000534057617,22.360000610351562,16100.0,22.360000610351562
2022-05-04,22.540000915527344,22.270000457763672,22.270000457763672,22.479999542236328,12000.0,22.479999542236328
2022-05-05,22.639999389648438,22.18000030517578,22.639999389648438,22.299999237060547,7000.0,22.299999237060547
2022-05-06,22.18000030517578,21.520000457763672,22.1200008392334,21.739999771118164,16000.0,21.739999771118164
2022-05-09,21.65999984741211,21.31999969482422,21.65999984741211,21.56999969482422,22200.0,21.56999969482422
2022-05-10,21.780000686645508,21.309999465942383,21.780000686645508,21.360000610351562,15700.0,21.360000610351562
2022-05-11,21.3799991607666,21.040000915527344,21.040000915527344,21.309999465942383,13800.0,21.309999465942383
2022-05-12,21.299999237060547,20.84000015258789,21.290000915527344,21.149999618530273,32200.0,21.149999618530273
2022-05-13,21.3700008392334,21.0,21.079999923706055,21.020000457763672,30000.0,21.020000457763672
2022-05-16,21.139999389648438,20.299999237060547,21.139999389648438,20.84000015258789,26300.0,20.84000015258789
2022-05-17,21.6200008392334,20.8700008392334,20.8700008392334,21.3700008392334,11300.0,21.3700008392334
2022-05-18,21.770000457763672,21.059999465942383,21.59000015258789,21.479999542236328,22900.0,21.479999542236328
2022-05-19,21.450000762939453,21.149999618530273,21.450000762939453,21.149999618530273,6100.0,21.149999618530273
2022-05-20,21.1200008392334,20.84000015258789,21.0,20.889999389648438,6800.0,20.889999389648438
2022-05-23,20.989999771118164,20.829999923706055,20.93000030517578,20.860000610351562,14200.0,20.860000610351562
2022-05-24,21.209999084472656,20.770000457763672,21.0,21.100000381469727,37700.0,21.100000381469727
2022-05-25,21.350000381469727,21.100000381469727,21.100000381469727,21.270000457763672,9700.0,21.270000457763672
2022-05-26,21.540000915527344,21.3799991607666,21.43000030517578,21.40999984741211,22500.0,21.40999984741211
2022-05-27,21.579999923706055,21.489999771118164,21.489999771118164,21.559999465942383,8200.0,21.559999465942383
2022-05-31,21.549999237060547,21.350000381469727,21.40999984741211,21.3700008392334,68300.0,21.3700008392334
2022-06-01,22.219999313354492,21.3799991607666,21.399999618530273,22.100000381469727,15900.0,22.100000381469727
2022-06-02,22.889999389648438,21.989999771118164,21.989999771118164,22.459999084472656,22500.0,22.459999084472656
2022-06-03,22.649999618530273,22.25,22.3799991607666,22.459999084472656,14900.0,22.459999084472656
2022-06-06,22.950000762939453,22.290000915527344,22.479999542236328,22.950000762939453,11100.0,22.950000762939453
2022-06-07,22.950000762939453,22.469999313354492,22.610000610351562,22.690000534057617,16200.0,22.690000534057617
2022-06-08,22.81999969482422,22.559999465942383,22.770000457763672,22.75,12800.0,22.75
2022-06-09,22.670000076293945,22.350000381469727,22.610000610351562,22.360000610351562,5000.0,22.360000610351562
2022-06-10,22.510000228881836,22.299999237060547,22.299999237060547,22.40999984741211,4000.0,22.40999984741211
2022-06-13,22.25,21.420000076293945,22.25,21.559999465942383,16300.0,21.559999465942383
2022-06-14,21.670000076293945,21.469999313354492,21.670000076293945,21.469999313354492,4300.0,21.469999313354492
2022-06-15,21.940000534057617,21.360000610351562,21.899999618530273,21.610000610351562,7100.0,21.610000610351562
2022-06-16,21.6299991607666,21.059999465942383,21.520000457763672,21.110000610351562,12000.0,21.110000610351562
2022-06-17,21.579999923706055,21.229999542236328,21.579999923706055,21.479999542236328,4700.0,21.479999542236328
2022-06-21,21.31999969482422,21.010000228881836,21.31999969482422,21.010000228881836,10300.0,21.010000228881836
2022-06-22,21.239999771118164,20.989999771118164,21.100000381469727,21.049999237060547,5600.0,21.049999237060547
2022-06-23,21.010000228881836,20.65999984741211,21.010000228881836,20.75,11800.0,20.75
2022-06-24,20.950000762939453,20.700000762939453,20.850000381469727,20.780000686645508,5400.0,20.780000686645508
2022-06-27,21.059999465942383,20.780000686645508,20.8700008392334,20.889999389648438,8200.0,20.889999389648438
2022-06-28,20.889999389648438,20.65999984741211,20.850000381469727,20.739999771118164,14000.0,20.739999771118164
2022-06-29,20.8700008392334,20.65999984741211,20.65999984741211,20.799999237060547,15600.0,20.799999237060547
2022-06-30,20.93000030517578,20.700000762939453,20.700000762939453,20.850000381469727,5200.0,20.850000381469727
2022-07-01,20.93000030517578,20.579999923706055,20.75,20.760000228881836,9600.0,20.760000228881836
2022-07-05,20.739999771118164,20.579999923706055,20.579999923706055,20.68000030517578,7600.0,20.68000030517578
2022-07-06,20.739999771118164,20.520000457763672,20.68000030517578,20.549999237060547,12300.0,20.549999237060547
2022-07-07,20.700000762939453,20.549999237060547,20.65999984741211,20.6200008392334,4800.0,20.6200008392334
2022-07-08,20.780000686645508,20.6200008392334,20.65999984741211,20.780000686645508,4700.0,20.780000686645508
2022-07-11,20.770000457763672,20.559999465942383,20.770000457763672,20.690000534057617,3700.0,20.690000534057617
2022-07-12,20.950000762939453,20.559999465942383,20.639999389648438,20.950000762939453,14400.0,20.950000762939453
2022-07-13,21.59000015258789,20.65999984741211,20.739999771118164,21.59000015258789,24700.0,21.59000015258789
2022-07-14,22.389999389648438,21.3700008392334,21.3700008392334,22.389999389648438,17300.0,22.389999389648438
2022-07-15,22.399999618530273,22.079999923706055,22.329999923706055,22.100000381469727,17200.0,22.100000381469727
2022-07-18,22.139999389648438,21.389999389648438,22.09000015258789,21.520000457763672,14600.0,21.520000457763672
2022-07-19,22.25,21.3799991607666,21.889999389648438,22.25,1800.0,22.25
2022-07-20,22.579999923706055,22.25,22.530000686645508,22.350000381469727,13200.0,22.350000381469727
2022-07-21,22.170000076293945,21.670000076293945,21.75,21.940000534057617,7700.0,21.940000534057617
2022-07-22,22.469999313354492,21.760000228881836,21.760000228881836,22.06999969482422,3200.0,22.06999969482422
2022-07-25,22.290000915527344,21.829999923706055,22.0,21.829999923706055,8200.0,21.829999923706055
2022-07-26,21.969999313354492,21.670000076293945,21.75,21.899999618530273,3700.0,21.899999618530273
2022-07-27,22.0,21.780000686645508,21.799999237060547,21.969999313354492,1600.0,21.969999313354492
2022-07-28,22.15999984741211,21.84000015258789,21.84000015258789,22.15999984741211,5600.0,22.15999984741211
2022-07-29,22.399999618530273,22.15999984741211,22.3700008392334,22.399999618530273,3100.0,22.399999618530273
2022-08-01,22.56999969482422,22.15999984741211,22.18000030517578,22.3700008392334,3400.0,22.3700008392334
2022-08-02,22.5,22.149999618530273,22.149999618530273,22.350000381469727,10900.0,22.350000381469727
2022-08-03,22.5,22.280000686645508,22.3799991607666,22.5,4700.0,22.5
2022-08-04,22.5,21.81999969482422,22.5,21.920000076293945,29900.0,21.920000076293945
2022-08-05,21.899999618530273,21.899999618530273,22.5,21.899999618530273,50.0,21.899999618530273
